"dependencyCombination","occurrences","firstTenPackages","Source Cypher File: External_Dependencies/Package_json_dependencies_combinations.cypher"
"react,react-dom",47,"/npm-package-json/react-router-7.13.1/examples/auth-router-provider/package.json,/npm-package-json/react-router-7.13.1/examples/auth/package.json,/npm-package-json/react-router-7.13.1/examples/basic-data-router/package.json,/npm-package-json/react-router-7.13.1/examples/basic/package.json,/npm-package-json/react-router-7.13.1/examples/custom-filter-link/package.json,/npm-package-json/react-router-7.13.1/examples/custom-link/package.json,/npm-package-json/react-router-7.13.1/examples/custom-query-parsing/package.json,/npm-package-json/react-router-7.13.1/examples/data-router/package.json,/npm-package-json/react-router-7.13.1/examples/error-boundaries/package.json",""
"react,react-router",25,"/npm-package-json/react-router-7.13.1/examples/modal-data-router/package.json,/npm-package-json/react-router-7.13.1/integration/helpers/cloudflare-dev-proxy-template/package.json,/npm-package-json/react-router-7.13.1/integration/helpers/rsc-vite-framework/package.json,/npm-package-json/react-router-7.13.1/integration/helpers/rsc-vite/package.json,/npm-package-json/react-router-7.13.1/integration/helpers/vite-5-template/package.json,/npm-package-json/react-router-7.13.1/integration/helpers/vite-6-template/package.json,/npm-package-json/react-router-7.13.1/integration/helpers/vite-7-beta-template/package.json,/npm-package-json/react-router-7.13.1/integration/helpers/vite-plugin-cloudflare-template/package.json,/npm-package-json/react-router-7.13.1/integration/helpers/vite-rolldown-template/package.json",""
"react-dom,react-router",25,"/npm-package-json/react-router-7.13.1/examples/modal-data-router/package.json,/npm-package-json/react-router-7.13.1/integration/helpers/cloudflare-dev-proxy-template/package.json,/npm-package-json/react-router-7.13.1/integration/helpers/rsc-vite-framework/package.json,/npm-package-json/react-router-7.13.1/integration/helpers/rsc-vite/package.json,/npm-package-json/react-router-7.13.1/integration/helpers/vite-5-template/package.json,/npm-package-json/react-router-7.13.1/integration/helpers/vite-6-template/package.json,/npm-package-json/react-router-7.13.1/integration/helpers/vite-7-beta-template/package.json,/npm-package-json/react-router-7.13.1/integration/helpers/vite-plugin-cloudflare-template/package.json,/npm-package-json/react-router-7.13.1/integration/helpers/vite-rolldown-template/package.json",""
"react,react-dom,react-router",25,"/npm-package-json/react-router-7.13.1/examples/modal-data-router/package.json,/npm-package-json/react-router-7.13.1/integration/helpers/cloudflare-dev-proxy-template/package.json,/npm-package-json/react-router-7.13.1/integration/helpers/rsc-vite-framework/package.json,/npm-package-json/react-router-7.13.1/integration/helpers/rsc-vite/package.json,/npm-package-json/react-router-7.13.1/integration/helpers/vite-5-template/package.json,/npm-package-json/react-router-7.13.1/integration/helpers/vite-6-template/package.json,/npm-package-json/react-router-7.13.1/integration/helpers/vite-7-beta-template/package.json,/npm-package-json/react-router-7.13.1/integration/helpers/vite-plugin-cloudflare-template/package.json,/npm-package-json/react-router-7.13.1/integration/helpers/vite-rolldown-template/package.json",""
"react,react-router-dom",22,"/npm-package-json/react-router-7.13.1/examples/auth-router-provider/package.json,/npm-package-json/react-router-7.13.1/examples/auth/package.json,/npm-package-json/react-router-7.13.1/examples/basic-data-router/package.json,/npm-package-json/react-router-7.13.1/examples/basic/package.json,/npm-package-json/react-router-7.13.1/examples/custom-filter-link/package.json,/npm-package-json/react-router-7.13.1/examples/custom-link/package.json,/npm-package-json/react-router-7.13.1/examples/custom-query-parsing/package.json,/npm-package-json/react-router-7.13.1/examples/data-router/package.json,/npm-package-json/react-router-7.13.1/examples/error-boundaries/package.json",""
"react-dom,react-router-dom",22,"/npm-package-json/react-router-7.13.1/examples/auth-router-provider/package.json,/npm-package-json/react-router-7.13.1/examples/auth/package.json,/npm-package-json/react-router-7.13.1/examples/basic-data-router/package.json,/npm-package-json/react-router-7.13.1/examples/basic/package.json,/npm-package-json/react-router-7.13.1/examples/custom-filter-link/package.json,/npm-package-json/react-router-7.13.1/examples/custom-link/package.json,/npm-package-json/react-router-7.13.1/examples/custom-query-parsing/package.json,/npm-package-json/react-router-7.13.1/examples/data-router/package.json,/npm-package-json/react-router-7.13.1/examples/error-boundaries/package.json",""
"react,react-dom,react-router-dom",22,"/npm-package-json/react-router-7.13.1/examples/auth-router-provider/package.json,/npm-package-json/react-router-7.13.1/examples/auth/package.json,/npm-package-json/react-router-7.13.1/examples/basic-data-router/package.json,/npm-package-json/react-router-7.13.1/examples/basic/package.json,/npm-package-json/react-router-7.13.1/examples/custom-filter-link/package.json,/npm-package-json/react-router-7.13.1/examples/custom-link/package.json,/npm-package-json/react-router-7.13.1/examples/custom-query-parsing/package.json,/npm-package-json/react-router-7.13.1/examples/data-router/package.json,/npm-package-json/react-router-7.13.1/examples/error-boundaries/package.json",""
"isbot,react",19,"/npm-package-json/react-router-7.13.1/integration/helpers/cloudflare-dev-proxy-template/package.json,/npm-package-json/react-router-7.13.1/integration/helpers/vite-5-template/package.json,/npm-package-json/react-router-7.13.1/integration/helpers/vite-6-template/package.json,/npm-package-json/react-router-7.13.1/integration/helpers/vite-7-beta-template/package.json,/npm-package-json/react-router-7.13.1/integration/helpers/vite-plugin-cloudflare-template/package.json,/npm-package-json/react-router-7.13.1/integration/helpers/vite-rolldown-template/package.json,/npm-package-json/react-router-7.13.1/integration/package.json,/npm-package-json/react-router-7.13.1/packages/react-router-dev/__tests__/fixtures/basic/package.json,/npm-package-json/react-router-7.13.1/playground/framework-express/package.json",""
"isbot,react-dom",19,"/npm-package-json/react-router-7.13.1/integration/helpers/cloudflare-dev-proxy-template/package.json,/npm-package-json/react-router-7.13.1/integration/helpers/vite-5-template/package.json,/npm-package-json/react-router-7.13.1/integration/helpers/vite-6-template/package.json,/npm-package-json/react-router-7.13.1/integration/helpers/vite-7-beta-template/package.json,/npm-package-json/react-router-7.13.1/integration/helpers/vite-plugin-cloudflare-template/package.json,/npm-package-json/react-router-7.13.1/integration/helpers/vite-rolldown-template/package.json,/npm-package-json/react-router-7.13.1/integration/package.json,/npm-package-json/react-router-7.13.1/packages/react-router-dev/__tests__/fixtures/basic/package.json,/npm-package-json/react-router-7.13.1/playground/framework-express/package.json",""
"isbot,react-router",19,"/npm-package-json/react-router-7.13.1/integration/helpers/cloudflare-dev-proxy-template/package.json,/npm-package-json/react-router-7.13.1/integration/helpers/vite-5-template/package.json,/npm-package-json/react-router-7.13.1/integration/helpers/vite-6-template/package.json,/npm-package-json/react-router-7.13.1/integration/helpers/vite-7-beta-template/package.json,/npm-package-json/react-router-7.13.1/integration/helpers/vite-plugin-cloudflare-template/package.json,/npm-package-json/react-router-7.13.1/integration/helpers/vite-rolldown-template/package.json,/npm-package-json/react-router-7.13.1/integration/package.json,/npm-package-json/react-router-7.13.1/packages/react-router-dev/__tests__/fixtures/basic/package.json,/npm-package-json/react-router-7.13.1/playground/framework-express/package.json",""
"isbot,react,react-dom",19,"/npm-package-json/react-router-7.13.1/integration/helpers/cloudflare-dev-proxy-template/package.json,/npm-package-json/react-router-7.13.1/integration/helpers/vite-5-template/package.json,/npm-package-json/react-router-7.13.1/integration/helpers/vite-6-template/package.json,/npm-package-json/react-router-7.13.1/integration/helpers/vite-7-beta-template/package.json,/npm-package-json/react-router-7.13.1/integration/helpers/vite-plugin-cloudflare-template/package.json,/npm-package-json/react-router-7.13.1/integration/helpers/vite-rolldown-template/package.json,/npm-package-json/react-router-7.13.1/integration/package.json,/npm-package-json/react-router-7.13.1/packages/react-router-dev/__tests__/fixtures/basic/package.json,/npm-package-json/react-router-7.13.1/playground/framework-express/package.json",""
"isbot,react,react-router",19,"/npm-package-json/react-router-7.13.1/integration/helpers/cloudflare-dev-proxy-template/package.json,/npm-package-json/react-router-7.13.1/integration/helpers/vite-5-template/package.json,/npm-package-json/react-router-7.13.1/integration/helpers/vite-6-template/package.json,/npm-package-json/react-router-7.13.1/integration/helpers/vite-7-beta-template/package.json,/npm-package-json/react-router-7.13.1/integration/helpers/vite-plugin-cloudflare-template/package.json,/npm-package-json/react-router-7.13.1/integration/helpers/vite-rolldown-template/package.json,/npm-package-json/react-router-7.13.1/integration/package.json,/npm-package-json/react-router-7.13.1/packages/react-router-dev/__tests__/fixtures/basic/package.json,/npm-package-json/react-router-7.13.1/playground/framework-express/package.json",""
"isbot,react-dom,react-router",19,"/npm-package-json/react-router-7.13.1/integration/helpers/cloudflare-dev-proxy-template/package.json,/npm-package-json/react-router-7.13.1/integration/helpers/vite-5-template/package.json,/npm-package-json/react-router-7.13.1/integration/helpers/vite-6-template/package.json,/npm-package-json/react-router-7.13.1/integration/helpers/vite-7-beta-template/package.json,/npm-package-json/react-router-7.13.1/integration/helpers/vite-plugin-cloudflare-template/package.json,/npm-package-json/react-router-7.13.1/integration/helpers/vite-rolldown-template/package.json,/npm-package-json/react-router-7.13.1/integration/package.json,/npm-package-json/react-router-7.13.1/packages/react-router-dev/__tests__/fixtures/basic/package.json,/npm-package-json/react-router-7.13.1/playground/framework-express/package.json",""
"@react-router/node,isbot",17,"/npm-package-json/react-router-7.13.1/integration/helpers/vite-5-template/package.json,/npm-package-json/react-router-7.13.1/integration/helpers/vite-6-template/package.json,/npm-package-json/react-router-7.13.1/integration/helpers/vite-7-beta-template/package.json,/npm-package-json/react-router-7.13.1/integration/helpers/vite-rolldown-template/package.json,/npm-package-json/react-router-7.13.1/integration/package.json,/npm-package-json/react-router-7.13.1/packages/react-router-dev/__tests__/fixtures/basic/package.json,/npm-package-json/react-router-7.13.1/packages/react-router-dev/package.json,/npm-package-json/react-router-7.13.1/playground/framework-express/package.json,/npm-package-json/react-router-7.13.1/playground/framework-rolldown-vite/package.json",""
"@react-router/node,react-router",17,"/npm-package-json/react-router-7.13.1/integration/helpers/vite-5-template/package.json,/npm-package-json/react-router-7.13.1/integration/helpers/vite-6-template/package.json,/npm-package-json/react-router-7.13.1/integration/helpers/vite-7-beta-template/package.json,/npm-package-json/react-router-7.13.1/integration/helpers/vite-rolldown-template/package.json,/npm-package-json/react-router-7.13.1/integration/package.json,/npm-package-json/react-router-7.13.1/packages/create-react-router/__tests__/fixtures/basic/package.json,/npm-package-json/react-router-7.13.1/packages/react-router-dev/__tests__/fixtures/basic/package.json,/npm-package-json/react-router-7.13.1/playground/framework-express/package.json,/npm-package-json/react-router-7.13.1/playground/framework-rolldown-vite/package.json",""
"express,react",16,"/npm-package-json/react-router-7.13.1/examples/multi-app/package.json,/npm-package-json/react-router-7.13.1/examples/ssr-data-router/package.json,/npm-package-json/react-router-7.13.1/examples/ssr/package.json,/npm-package-json/react-router-7.13.1/integration/helpers/rsc-vite-framework/package.json,/npm-package-json/react-router-7.13.1/integration/helpers/rsc-vite/package.json,/npm-package-json/react-router-7.13.1/integration/helpers/vite-5-template/package.json,/npm-package-json/react-router-7.13.1/integration/helpers/vite-6-template/package.json,/npm-package-json/react-router-7.13.1/integration/helpers/vite-7-beta-template/package.json,/npm-package-json/react-router-7.13.1/integration/helpers/vite-plugin-cloudflare-template/package.json",""
"express,react-dom",16,"/npm-package-json/react-router-7.13.1/examples/multi-app/package.json,/npm-package-json/react-router-7.13.1/examples/ssr-data-router/package.json,/npm-package-json/react-router-7.13.1/examples/ssr/package.json,/npm-package-json/react-router-7.13.1/integration/helpers/rsc-vite-framework/package.json,/npm-package-json/react-router-7.13.1/integration/helpers/rsc-vite/package.json,/npm-package-json/react-router-7.13.1/integration/helpers/vite-5-template/package.json,/npm-package-json/react-router-7.13.1/integration/helpers/vite-6-template/package.json,/npm-package-json/react-router-7.13.1/integration/helpers/vite-7-beta-template/package.json,/npm-package-json/react-router-7.13.1/integration/helpers/vite-plugin-cloudflare-template/package.json",""
"express,react,react-dom",16,"/npm-package-json/react-router-7.13.1/examples/multi-app/package.json,/npm-package-json/react-router-7.13.1/examples/ssr-data-router/package.json,/npm-package-json/react-router-7.13.1/examples/ssr/package.json,/npm-package-json/react-router-7.13.1/integration/helpers/rsc-vite-framework/package.json,/npm-package-json/react-router-7.13.1/integration/helpers/rsc-vite/package.json,/npm-package-json/react-router-7.13.1/integration/helpers/vite-5-template/package.json,/npm-package-json/react-router-7.13.1/integration/helpers/vite-6-template/package.json,/npm-package-json/react-router-7.13.1/integration/helpers/vite-7-beta-template/package.json,/npm-package-json/react-router-7.13.1/integration/helpers/vite-plugin-cloudflare-template/package.json",""
"@react-router/node,react",16,"/npm-package-json/react-router-7.13.1/integration/helpers/vite-5-template/package.json,/npm-package-json/react-router-7.13.1/integration/helpers/vite-6-template/package.json,/npm-package-json/react-router-7.13.1/integration/helpers/vite-7-beta-template/package.json,/npm-package-json/react-router-7.13.1/integration/helpers/vite-rolldown-template/package.json,/npm-package-json/react-router-7.13.1/integration/package.json,/npm-package-json/react-router-7.13.1/packages/react-router-dev/__tests__/fixtures/basic/package.json,/npm-package-json/react-router-7.13.1/playground/framework-express/package.json,/npm-package-json/react-router-7.13.1/playground/framework-rolldown-vite/package.json,/npm-package-json/react-router-7.13.1/playground/framework-spa/package.json",""
"@react-router/node,react-dom",16,"/npm-package-json/react-router-7.13.1/integration/helpers/vite-5-template/package.json,/npm-package-json/react-router-7.13.1/integration/helpers/vite-6-template/package.json,/npm-package-json/react-router-7.13.1/integration/helpers/vite-7-beta-template/package.json,/npm-package-json/react-router-7.13.1/integration/helpers/vite-rolldown-template/package.json,/npm-package-json/react-router-7.13.1/integration/package.json,/npm-package-json/react-router-7.13.1/packages/react-router-dev/__tests__/fixtures/basic/package.json,/npm-package-json/react-router-7.13.1/playground/framework-express/package.json,/npm-package-json/react-router-7.13.1/playground/framework-rolldown-vite/package.json,/npm-package-json/react-router-7.13.1/playground/framework-spa/package.json",""
"@react-router/node,isbot,react",16,"/npm-package-json/react-router-7.13.1/integration/helpers/vite-5-template/package.json,/npm-package-json/react-router-7.13.1/integration/helpers/vite-6-template/package.json,/npm-package-json/react-router-7.13.1/integration/helpers/vite-7-beta-template/package.json,/npm-package-json/react-router-7.13.1/integration/helpers/vite-rolldown-template/package.json,/npm-package-json/react-router-7.13.1/integration/package.json,/npm-package-json/react-router-7.13.1/packages/react-router-dev/__tests__/fixtures/basic/package.json,/npm-package-json/react-router-7.13.1/playground/framework-express/package.json,/npm-package-json/react-router-7.13.1/playground/framework-rolldown-vite/package.json,/npm-package-json/react-router-7.13.1/playground/framework-spa/package.json",""
"@react-router/node,isbot,react-dom",16,"/npm-package-json/react-router-7.13.1/integration/helpers/vite-5-template/package.json,/npm-package-json/react-router-7.13.1/integration/helpers/vite-6-template/package.json,/npm-package-json/react-router-7.13.1/integration/helpers/vite-7-beta-template/package.json,/npm-package-json/react-router-7.13.1/integration/helpers/vite-rolldown-template/package.json,/npm-package-json/react-router-7.13.1/integration/package.json,/npm-package-json/react-router-7.13.1/packages/react-router-dev/__tests__/fixtures/basic/package.json,/npm-package-json/react-router-7.13.1/playground/framework-express/package.json,/npm-package-json/react-router-7.13.1/playground/framework-rolldown-vite/package.json,/npm-package-json/react-router-7.13.1/playground/framework-spa/package.json",""
"@react-router/node,react,react-dom",16,"/npm-package-json/react-router-7.13.1/integration/helpers/vite-5-template/package.json,/npm-package-json/react-router-7.13.1/integration/helpers/vite-6-template/package.json,/npm-package-json/react-router-7.13.1/integration/helpers/vite-7-beta-template/package.json,/npm-package-json/react-router-7.13.1/integration/helpers/vite-rolldown-template/package.json,/npm-package-json/react-router-7.13.1/integration/package.json,/npm-package-json/react-router-7.13.1/packages/react-router-dev/__tests__/fixtures/basic/package.json,/npm-package-json/react-router-7.13.1/playground/framework-express/package.json,/npm-package-json/react-router-7.13.1/playground/framework-rolldown-vite/package.json,/npm-package-json/react-router-7.13.1/playground/framework-spa/package.json",""
"@react-router/node,isbot,react-router",16,"/npm-package-json/react-router-7.13.1/integration/helpers/vite-5-template/package.json,/npm-package-json/react-router-7.13.1/integration/helpers/vite-6-template/package.json,/npm-package-json/react-router-7.13.1/integration/helpers/vite-7-beta-template/package.json,/npm-package-json/react-router-7.13.1/integration/helpers/vite-rolldown-template/package.json,/npm-package-json/react-router-7.13.1/integration/package.json,/npm-package-json/react-router-7.13.1/packages/react-router-dev/__tests__/fixtures/basic/package.json,/npm-package-json/react-router-7.13.1/playground/framework-express/package.json,/npm-package-json/react-router-7.13.1/playground/framework-rolldown-vite/package.json,/npm-package-json/react-router-7.13.1/playground/framework-spa/package.json",""
"@react-router/node,react,react-router",16,"/npm-package-json/react-router-7.13.1/integration/helpers/vite-5-template/package.json,/npm-package-json/react-router-7.13.1/integration/helpers/vite-6-template/package.json,/npm-package-json/react-router-7.13.1/integration/helpers/vite-7-beta-template/package.json,/npm-package-json/react-router-7.13.1/integration/helpers/vite-rolldown-template/package.json,/npm-package-json/react-router-7.13.1/integration/package.json,/npm-package-json/react-router-7.13.1/packages/react-router-dev/__tests__/fixtures/basic/package.json,/npm-package-json/react-router-7.13.1/playground/framework-express/package.json,/npm-package-json/react-router-7.13.1/playground/framework-rolldown-vite/package.json,/npm-package-json/react-router-7.13.1/playground/framework-spa/package.json",""
"@react-router/node,react-dom,react-router",16,"/npm-package-json/react-router-7.13.1/integration/helpers/vite-5-template/package.json,/npm-package-json/react-router-7.13.1/integration/helpers/vite-6-template/package.json,/npm-package-json/react-router-7.13.1/integration/helpers/vite-7-beta-template/package.json,/npm-package-json/react-router-7.13.1/integration/helpers/vite-rolldown-template/package.json,/npm-package-json/react-router-7.13.1/integration/package.json,/npm-package-json/react-router-7.13.1/packages/react-router-dev/__tests__/fixtures/basic/package.json,/npm-package-json/react-router-7.13.1/playground/framework-express/package.json,/npm-package-json/react-router-7.13.1/playground/framework-rolldown-vite/package.json,/npm-package-json/react-router-7.13.1/playground/framework-spa/package.json",""
"express,react-router",13,"/npm-package-json/react-router-7.13.1/integration/helpers/rsc-vite-framework/package.json,/npm-package-json/react-router-7.13.1/integration/helpers/rsc-vite/package.json,/npm-package-json/react-router-7.13.1/integration/helpers/vite-5-template/package.json,/npm-package-json/react-router-7.13.1/integration/helpers/vite-6-template/package.json,/npm-package-json/react-router-7.13.1/integration/helpers/vite-7-beta-template/package.json,/npm-package-json/react-router-7.13.1/integration/helpers/vite-plugin-cloudflare-template/package.json,/npm-package-json/react-router-7.13.1/integration/helpers/vite-rolldown-template/package.json,/npm-package-json/react-router-7.13.1/integration/package.json,/npm-package-json/react-router-7.13.1/playground/framework-express/package.json",""
"express,react,react-router",13,"/npm-package-json/react-router-7.13.1/integration/helpers/rsc-vite-framework/package.json,/npm-package-json/react-router-7.13.1/integration/helpers/rsc-vite/package.json,/npm-package-json/react-router-7.13.1/integration/helpers/vite-5-template/package.json,/npm-package-json/react-router-7.13.1/integration/helpers/vite-6-template/package.json,/npm-package-json/react-router-7.13.1/integration/helpers/vite-7-beta-template/package.json,/npm-package-json/react-router-7.13.1/integration/helpers/vite-plugin-cloudflare-template/package.json,/npm-package-json/react-router-7.13.1/integration/helpers/vite-rolldown-template/package.json,/npm-package-json/react-router-7.13.1/integration/package.json,/npm-package-json/react-router-7.13.1/playground/framework-express/package.json",""
"express,react-dom,react-router",13,"/npm-package-json/react-router-7.13.1/integration/helpers/rsc-vite-framework/package.json,/npm-package-json/react-router-7.13.1/integration/helpers/rsc-vite/package.json,/npm-package-json/react-router-7.13.1/integration/helpers/vite-5-template/package.json,/npm-package-json/react-router-7.13.1/integration/helpers/vite-6-template/package.json,/npm-package-json/react-router-7.13.1/integration/helpers/vite-7-beta-template/package.json,/npm-package-json/react-router-7.13.1/integration/helpers/vite-plugin-cloudflare-template/package.json,/npm-package-json/react-router-7.13.1/integration/helpers/vite-rolldown-template/package.json,/npm-package-json/react-router-7.13.1/integration/package.json,/npm-package-json/react-router-7.13.1/playground/framework-express/package.json",""
"@react-router/serve,react",12,"/npm-package-json/react-router-7.13.1/integration/helpers/rsc-vite-framework/package.json,/npm-package-json/react-router-7.13.1/integration/helpers/vite-5-template/package.json,/npm-package-json/react-router-7.13.1/integration/helpers/vite-6-template/package.json,/npm-package-json/react-router-7.13.1/integration/helpers/vite-7-beta-template/package.json,/npm-package-json/react-router-7.13.1/integration/helpers/vite-rolldown-template/package.json,/npm-package-json/react-router-7.13.1/packages/react-router-dev/__tests__/fixtures/basic/package.json,/npm-package-json/react-router-7.13.1/playground/framework-rolldown-vite/package.json,/npm-package-json/react-router-7.13.1/playground/framework-vite-5/package.json,/npm-package-json/react-router-7.13.1/playground/framework-vite-7-beta/package.json",""
"@react-router/serve,react-dom",12,"/npm-package-json/react-router-7.13.1/integration/helpers/rsc-vite-framework/package.json,/npm-package-json/react-router-7.13.1/integration/helpers/vite-5-template/package.json,/npm-package-json/react-router-7.13.1/integration/helpers/vite-6-template/package.json,/npm-package-json/react-router-7.13.1/integration/helpers/vite-7-beta-template/package.json,/npm-package-json/react-router-7.13.1/integration/helpers/vite-rolldown-template/package.json,/npm-package-json/react-router-7.13.1/packages/react-router-dev/__tests__/fixtures/basic/package.json,/npm-package-json/react-router-7.13.1/playground/framework-rolldown-vite/package.json,/npm-package-json/react-router-7.13.1/playground/framework-vite-5/package.json,/npm-package-json/react-router-7.13.1/playground/framework-vite-7-beta/package.json",""
"@react-router/serve,react-router",12,"/npm-package-json/react-router-7.13.1/integration/helpers/rsc-vite-framework/package.json,/npm-package-json/react-router-7.13.1/integration/helpers/vite-5-template/package.json,/npm-package-json/react-router-7.13.1/integration/helpers/vite-6-template/package.json,/npm-package-json/react-router-7.13.1/integration/helpers/vite-7-beta-template/package.json,/npm-package-json/react-router-7.13.1/integration/helpers/vite-rolldown-template/package.json,/npm-package-json/react-router-7.13.1/packages/react-router-dev/__tests__/fixtures/basic/package.json,/npm-package-json/react-router-7.13.1/playground/framework-rolldown-vite/package.json,/npm-package-json/react-router-7.13.1/playground/framework-vite-5/package.json,/npm-package-json/react-router-7.13.1/playground/framework-vite-7-beta/package.json",""
"@react-router/serve,react,react-dom",12,"/npm-package-json/react-router-7.13.1/integration/helpers/rsc-vite-framework/package.json,/npm-package-json/react-router-7.13.1/integration/helpers/vite-5-template/package.json,/npm-package-json/react-router-7.13.1/integration/helpers/vite-6-template/package.json,/npm-package-json/react-router-7.13.1/integration/helpers/vite-7-beta-template/package.json,/npm-package-json/react-router-7.13.1/integration/helpers/vite-rolldown-template/package.json,/npm-package-json/react-router-7.13.1/packages/react-router-dev/__tests__/fixtures/basic/package.json,/npm-package-json/react-router-7.13.1/playground/framework-rolldown-vite/package.json,/npm-package-json/react-router-7.13.1/playground/framework-vite-5/package.json,/npm-package-json/react-router-7.13.1/playground/framework-vite-7-beta/package.json",""
"@react-router/serve,react,react-router",12,"/npm-package-json/react-router-7.13.1/integration/helpers/rsc-vite-framework/package.json,/npm-package-json/react-router-7.13.1/integration/helpers/vite-5-template/package.json,/npm-package-json/react-router-7.13.1/integration/helpers/vite-6-template/package.json,/npm-package-json/react-router-7.13.1/integration/helpers/vite-7-beta-template/package.json,/npm-package-json/react-router-7.13.1/integration/helpers/vite-rolldown-template/package.json,/npm-package-json/react-router-7.13.1/packages/react-router-dev/__tests__/fixtures/basic/package.json,/npm-package-json/react-router-7.13.1/playground/framework-rolldown-vite/package.json,/npm-package-json/react-router-7.13.1/playground/framework-vite-5/package.json,/npm-package-json/react-router-7.13.1/playground/framework-vite-7-beta/package.json",""
"@react-router/serve,react-dom,react-router",12,"/npm-package-json/react-router-7.13.1/integration/helpers/rsc-vite-framework/package.json,/npm-package-json/react-router-7.13.1/integration/helpers/vite-5-template/package.json,/npm-package-json/react-router-7.13.1/integration/helpers/vite-6-template/package.json,/npm-package-json/react-router-7.13.1/integration/helpers/vite-7-beta-template/package.json,/npm-package-json/react-router-7.13.1/integration/helpers/vite-rolldown-template/package.json,/npm-package-json/react-router-7.13.1/packages/react-router-dev/__tests__/fixtures/basic/package.json,/npm-package-json/react-router-7.13.1/playground/framework-rolldown-vite/package.json,/npm-package-json/react-router-7.13.1/playground/framework-vite-5/package.json,/npm-package-json/react-router-7.13.1/playground/framework-vite-7-beta/package.json",""
"@react-router/node,@react-router/serve",11,"/npm-package-json/react-router-7.13.1/integration/helpers/vite-5-template/package.json,/npm-package-json/react-router-7.13.1/integration/helpers/vite-6-template/package.json,/npm-package-json/react-router-7.13.1/integration/helpers/vite-7-beta-template/package.json,/npm-package-json/react-router-7.13.1/integration/helpers/vite-rolldown-template/package.json,/npm-package-json/react-router-7.13.1/packages/react-router-dev/__tests__/fixtures/basic/package.json,/npm-package-json/react-router-7.13.1/playground/framework-rolldown-vite/package.json,/npm-package-json/react-router-7.13.1/playground/framework-vite-5/package.json,/npm-package-json/react-router-7.13.1/playground/framework-vite-7-beta/package.json,/npm-package-json/react-router-7.13.1/playground/framework/package.json",""
"@react-router/serve,isbot",11,"/npm-package-json/react-router-7.13.1/integration/helpers/vite-5-template/package.json,/npm-package-json/react-router-7.13.1/integration/helpers/vite-6-template/package.json,/npm-package-json/react-router-7.13.1/integration/helpers/vite-7-beta-template/package.json,/npm-package-json/react-router-7.13.1/integration/helpers/vite-rolldown-template/package.json,/npm-package-json/react-router-7.13.1/packages/react-router-dev/__tests__/fixtures/basic/package.json,/npm-package-json/react-router-7.13.1/playground/framework-rolldown-vite/package.json,/npm-package-json/react-router-7.13.1/playground/framework-vite-5/package.json,/npm-package-json/react-router-7.13.1/playground/framework-vite-7-beta/package.json,/npm-package-json/react-router-7.13.1/playground/framework/package.json",""
"@react-router/node,@react-router/serve,isbot",11,"/npm-package-json/react-router-7.13.1/integration/helpers/vite-5-template/package.json,/npm-package-json/react-router-7.13.1/integration/helpers/vite-6-template/package.json,/npm-package-json/react-router-7.13.1/integration/helpers/vite-7-beta-template/package.json,/npm-package-json/react-router-7.13.1/integration/helpers/vite-rolldown-template/package.json,/npm-package-json/react-router-7.13.1/packages/react-router-dev/__tests__/fixtures/basic/package.json,/npm-package-json/react-router-7.13.1/playground/framework-rolldown-vite/package.json,/npm-package-json/react-router-7.13.1/playground/framework-vite-5/package.json,/npm-package-json/react-router-7.13.1/playground/framework-vite-7-beta/package.json,/npm-package-json/react-router-7.13.1/playground/framework/package.json",""
"@react-router/node,@react-router/serve,react",11,"/npm-package-json/react-router-7.13.1/integration/helpers/vite-5-template/package.json,/npm-package-json/react-router-7.13.1/integration/helpers/vite-6-template/package.json,/npm-package-json/react-router-7.13.1/integration/helpers/vite-7-beta-template/package.json,/npm-package-json/react-router-7.13.1/integration/helpers/vite-rolldown-template/package.json,/npm-package-json/react-router-7.13.1/packages/react-router-dev/__tests__/fixtures/basic/package.json,/npm-package-json/react-router-7.13.1/playground/framework-rolldown-vite/package.json,/npm-package-json/react-router-7.13.1/playground/framework-vite-5/package.json,/npm-package-json/react-router-7.13.1/playground/framework-vite-7-beta/package.json,/npm-package-json/react-router-7.13.1/playground/framework/package.json",""
"@react-router/serve,isbot,react",11,"/npm-package-json/react-router-7.13.1/integration/helpers/vite-5-template/package.json,/npm-package-json/react-router-7.13.1/integration/helpers/vite-6-template/package.json,/npm-package-json/react-router-7.13.1/integration/helpers/vite-7-beta-template/package.json,/npm-package-json/react-router-7.13.1/integration/helpers/vite-rolldown-template/package.json,/npm-package-json/react-router-7.13.1/packages/react-router-dev/__tests__/fixtures/basic/package.json,/npm-package-json/react-router-7.13.1/playground/framework-rolldown-vite/package.json,/npm-package-json/react-router-7.13.1/playground/framework-vite-5/package.json,/npm-package-json/react-router-7.13.1/playground/framework-vite-7-beta/package.json,/npm-package-json/react-router-7.13.1/playground/framework/package.json",""
"@react-router/node,@react-router/serve,react-dom",11,"/npm-package-json/react-router-7.13.1/integration/helpers/vite-5-template/package.json,/npm-package-json/react-router-7.13.1/integration/helpers/vite-6-template/package.json,/npm-package-json/react-router-7.13.1/integration/helpers/vite-7-beta-template/package.json,/npm-package-json/react-router-7.13.1/integration/helpers/vite-rolldown-template/package.json,/npm-package-json/react-router-7.13.1/packages/react-router-dev/__tests__/fixtures/basic/package.json,/npm-package-json/react-router-7.13.1/playground/framework-rolldown-vite/package.json,/npm-package-json/react-router-7.13.1/playground/framework-vite-5/package.json,/npm-package-json/react-router-7.13.1/playground/framework-vite-7-beta/package.json,/npm-package-json/react-router-7.13.1/playground/framework/package.json",""
"@react-router/serve,isbot,react-dom",11,"/npm-package-json/react-router-7.13.1/integration/helpers/vite-5-template/package.json,/npm-package-json/react-router-7.13.1/integration/helpers/vite-6-template/package.json,/npm-package-json/react-router-7.13.1/integration/helpers/vite-7-beta-template/package.json,/npm-package-json/react-router-7.13.1/integration/helpers/vite-rolldown-template/package.json,/npm-package-json/react-router-7.13.1/packages/react-router-dev/__tests__/fixtures/basic/package.json,/npm-package-json/react-router-7.13.1/playground/framework-rolldown-vite/package.json,/npm-package-json/react-router-7.13.1/playground/framework-vite-5/package.json,/npm-package-json/react-router-7.13.1/playground/framework-vite-7-beta/package.json,/npm-package-json/react-router-7.13.1/playground/framework/package.json",""
"@react-router/node,@react-router/serve,react-router",11,"/npm-package-json/react-router-7.13.1/integration/helpers/vite-5-template/package.json,/npm-package-json/react-router-7.13.1/integration/helpers/vite-6-template/package.json,/npm-package-json/react-router-7.13.1/integration/helpers/vite-7-beta-template/package.json,/npm-package-json/react-router-7.13.1/integration/helpers/vite-rolldown-template/package.json,/npm-package-json/react-router-7.13.1/packages/react-router-dev/__tests__/fixtures/basic/package.json,/npm-package-json/react-router-7.13.1/playground/framework-rolldown-vite/package.json,/npm-package-json/react-router-7.13.1/playground/framework-vite-5/package.json,/npm-package-json/react-router-7.13.1/playground/framework-vite-7-beta/package.json,/npm-package-json/react-router-7.13.1/playground/framework/package.json",""
"@react-router/serve,isbot,react-router",11,"/npm-package-json/react-router-7.13.1/integration/helpers/vite-5-template/package.json,/npm-package-json/react-router-7.13.1/integration/helpers/vite-6-template/package.json,/npm-package-json/react-router-7.13.1/integration/helpers/vite-7-beta-template/package.json,/npm-package-json/react-router-7.13.1/integration/helpers/vite-rolldown-template/package.json,/npm-package-json/react-router-7.13.1/packages/react-router-dev/__tests__/fixtures/basic/package.json,/npm-package-json/react-router-7.13.1/playground/framework-rolldown-vite/package.json,/npm-package-json/react-router-7.13.1/playground/framework-vite-5/package.json,/npm-package-json/react-router-7.13.1/playground/framework-vite-7-beta/package.json,/npm-package-json/react-router-7.13.1/playground/framework/package.json",""
"compression,express",10,"/npm-package-json/react-router-7.13.1/examples/multi-app/package.json,/npm-package-json/react-router-7.13.1/examples/ssr-data-router/package.json,/npm-package-json/react-router-7.13.1/examples/ssr/package.json,/npm-package-json/react-router-7.13.1/integration/helpers/rsc-vite-framework/package.json,/npm-package-json/react-router-7.13.1/integration/helpers/rsc-vite/package.json,/npm-package-json/react-router-7.13.1/packages/react-router-serve/package.json,/npm-package-json/react-router-7.13.1/playground/framework-express/package.json,/npm-package-json/react-router-7.13.1/playground/middleware/package.json,/npm-package-json/react-router-7.13.1/playground/rsc-vite-framework/package.json",""
"compression,react",9,"/npm-package-json/react-router-7.13.1/examples/multi-app/package.json,/npm-package-json/react-router-7.13.1/examples/ssr-data-router/package.json,/npm-package-json/react-router-7.13.1/examples/ssr/package.json,/npm-package-json/react-router-7.13.1/integration/helpers/rsc-vite-framework/package.json,/npm-package-json/react-router-7.13.1/integration/helpers/rsc-vite/package.json,/npm-package-json/react-router-7.13.1/playground/framework-express/package.json,/npm-package-json/react-router-7.13.1/playground/middleware/package.json,/npm-package-json/react-router-7.13.1/playground/rsc-vite-framework/package.json,/npm-package-json/react-router-7.13.1/playground/rsc-vite/package.json",""
"compression,react-dom",9,"/npm-package-json/react-router-7.13.1/examples/multi-app/package.json,/npm-package-json/react-router-7.13.1/examples/ssr-data-router/package.json,/npm-package-json/react-router-7.13.1/examples/ssr/package.json,/npm-package-json/react-router-7.13.1/integration/helpers/rsc-vite-framework/package.json,/npm-package-json/react-router-7.13.1/integration/helpers/rsc-vite/package.json,/npm-package-json/react-router-7.13.1/playground/framework-express/package.json,/npm-package-json/react-router-7.13.1/playground/middleware/package.json,/npm-package-json/react-router-7.13.1/playground/rsc-vite-framework/package.json,/npm-package-json/react-router-7.13.1/playground/rsc-vite/package.json",""
"compression,express,react",9,"/npm-package-json/react-router-7.13.1/examples/multi-app/package.json,/npm-package-json/react-router-7.13.1/examples/ssr-data-router/package.json,/npm-package-json/react-router-7.13.1/examples/ssr/package.json,/npm-package-json/react-router-7.13.1/integration/helpers/rsc-vite-framework/package.json,/npm-package-json/react-router-7.13.1/integration/helpers/rsc-vite/package.json,/npm-package-json/react-router-7.13.1/playground/framework-express/package.json,/npm-package-json/react-router-7.13.1/playground/middleware/package.json,/npm-package-json/react-router-7.13.1/playground/rsc-vite-framework/package.json,/npm-package-json/react-router-7.13.1/playground/rsc-vite/package.json",""
"compression,express,react-dom",9,"/npm-package-json/react-router-7.13.1/examples/multi-app/package.json,/npm-package-json/react-router-7.13.1/examples/ssr-data-router/package.json,/npm-package-json/react-router-7.13.1/examples/ssr/package.json,/npm-package-json/react-router-7.13.1/integration/helpers/rsc-vite-framework/package.json,/npm-package-json/react-router-7.13.1/integration/helpers/rsc-vite/package.json,/npm-package-json/react-router-7.13.1/playground/framework-express/package.json,/npm-package-json/react-router-7.13.1/playground/middleware/package.json,/npm-package-json/react-router-7.13.1/playground/rsc-vite-framework/package.json,/npm-package-json/react-router-7.13.1/playground/rsc-vite/package.json",""
"compression,react,react-dom",9,"/npm-package-json/react-router-7.13.1/examples/multi-app/package.json,/npm-package-json/react-router-7.13.1/examples/ssr-data-router/package.json,/npm-package-json/react-router-7.13.1/examples/ssr/package.json,/npm-package-json/react-router-7.13.1/integration/helpers/rsc-vite-framework/package.json,/npm-package-json/react-router-7.13.1/integration/helpers/rsc-vite/package.json,/npm-package-json/react-router-7.13.1/playground/framework-express/package.json,/npm-package-json/react-router-7.13.1/playground/middleware/package.json,/npm-package-json/react-router-7.13.1/playground/rsc-vite-framework/package.json,/npm-package-json/react-router-7.13.1/playground/rsc-vite/package.json",""
"express,isbot",9,"/npm-package-json/react-router-7.13.1/integration/helpers/vite-5-template/package.json,/npm-package-json/react-router-7.13.1/integration/helpers/vite-6-template/package.json,/npm-package-json/react-router-7.13.1/integration/helpers/vite-7-beta-template/package.json,/npm-package-json/react-router-7.13.1/integration/helpers/vite-plugin-cloudflare-template/package.json,/npm-package-json/react-router-7.13.1/integration/helpers/vite-rolldown-template/package.json,/npm-package-json/react-router-7.13.1/integration/package.json,/npm-package-json/react-router-7.13.1/playground/framework-express/package.json,/npm-package-json/react-router-7.13.1/playground/middleware/package.json,/npm-package-json/react-router-7.13.1/playground/vite-plugin-cloudflare/package.json",""
"express,isbot,react",9,"/npm-package-json/react-router-7.13.1/integration/helpers/vite-5-template/package.json,/npm-package-json/react-router-7.13.1/integration/helpers/vite-6-template/package.json,/npm-package-json/react-router-7.13.1/integration/helpers/vite-7-beta-template/package.json,/npm-package-json/react-router-7.13.1/integration/helpers/vite-plugin-cloudflare-template/package.json,/npm-package-json/react-router-7.13.1/integration/helpers/vite-rolldown-template/package.json,/npm-package-json/react-router-7.13.1/integration/package.json,/npm-package-json/react-router-7.13.1/playground/framework-express/package.json,/npm-package-json/react-router-7.13.1/playground/middleware/package.json,/npm-package-json/react-router-7.13.1/playground/vite-plugin-cloudflare/package.json",""
"express,isbot,react-dom",9,"/npm-package-json/react-router-7.13.1/integration/helpers/vite-5-template/package.json,/npm-package-json/react-router-7.13.1/integration/helpers/vite-6-template/package.json,/npm-package-json/react-router-7.13.1/integration/helpers/vite-7-beta-template/package.json,/npm-package-json/react-router-7.13.1/integration/helpers/vite-plugin-cloudflare-template/package.json,/npm-package-json/react-router-7.13.1/integration/helpers/vite-rolldown-template/package.json,/npm-package-json/react-router-7.13.1/integration/package.json,/npm-package-json/react-router-7.13.1/playground/framework-express/package.json,/npm-package-json/react-router-7.13.1/playground/middleware/package.json,/npm-package-json/react-router-7.13.1/playground/vite-plugin-cloudflare/package.json",""
"express,isbot,react-router",9,"/npm-package-json/react-router-7.13.1/integration/helpers/vite-5-template/package.json,/npm-package-json/react-router-7.13.1/integration/helpers/vite-6-template/package.json,/npm-package-json/react-router-7.13.1/integration/helpers/vite-7-beta-template/package.json,/npm-package-json/react-router-7.13.1/integration/helpers/vite-plugin-cloudflare-template/package.json,/npm-package-json/react-router-7.13.1/integration/helpers/vite-rolldown-template/package.json,/npm-package-json/react-router-7.13.1/integration/package.json,/npm-package-json/react-router-7.13.1/playground/framework-express/package.json,/npm-package-json/react-router-7.13.1/playground/middleware/package.json,/npm-package-json/react-router-7.13.1/playground/vite-plugin-cloudflare/package.json",""
"@react-router/express,@react-router/node",8,"/npm-package-json/react-router-7.13.1/integration/helpers/vite-5-template/package.json,/npm-package-json/react-router-7.13.1/integration/helpers/vite-6-template/package.json,/npm-package-json/react-router-7.13.1/integration/helpers/vite-7-beta-template/package.json,/npm-package-json/react-router-7.13.1/integration/helpers/vite-rolldown-template/package.json,/npm-package-json/react-router-7.13.1/integration/package.json,/npm-package-json/react-router-7.13.1/packages/react-router-serve/package.json,/npm-package-json/react-router-7.13.1/playground/framework-express/package.json,/npm-package-json/react-router-7.13.1/playground/middleware/package.json",""
"@react-router/express,express",8,"/npm-package-json/react-router-7.13.1/integration/helpers/vite-5-template/package.json,/npm-package-json/react-router-7.13.1/integration/helpers/vite-6-template/package.json,/npm-package-json/react-router-7.13.1/integration/helpers/vite-7-beta-template/package.json,/npm-package-json/react-router-7.13.1/integration/helpers/vite-rolldown-template/package.json,/npm-package-json/react-router-7.13.1/integration/package.json,/npm-package-json/react-router-7.13.1/packages/react-router-serve/package.json,/npm-package-json/react-router-7.13.1/playground/framework-express/package.json,/npm-package-json/react-router-7.13.1/playground/middleware/package.json",""
"@react-router/node,express",8,"/npm-package-json/react-router-7.13.1/integration/helpers/vite-5-template/package.json,/npm-package-json/react-router-7.13.1/integration/helpers/vite-6-template/package.json,/npm-package-json/react-router-7.13.1/integration/helpers/vite-7-beta-template/package.json,/npm-package-json/react-router-7.13.1/integration/helpers/vite-rolldown-template/package.json,/npm-package-json/react-router-7.13.1/integration/package.json,/npm-package-json/react-router-7.13.1/packages/react-router-serve/package.json,/npm-package-json/react-router-7.13.1/playground/framework-express/package.json,/npm-package-json/react-router-7.13.1/playground/middleware/package.json",""
"@react-router/express,@react-router/node,express",8,"/npm-package-json/react-router-7.13.1/integration/helpers/vite-5-template/package.json,/npm-package-json/react-router-7.13.1/integration/helpers/vite-6-template/package.json,/npm-package-json/react-router-7.13.1/integration/helpers/vite-7-beta-template/package.json,/npm-package-json/react-router-7.13.1/integration/helpers/vite-rolldown-template/package.json,/npm-package-json/react-router-7.13.1/integration/package.json,/npm-package-json/react-router-7.13.1/packages/react-router-serve/package.json,/npm-package-json/react-router-7.13.1/playground/framework-express/package.json,/npm-package-json/react-router-7.13.1/playground/middleware/package.json",""
"@react-router/express,isbot",7,"/npm-package-json/react-router-7.13.1/integration/helpers/vite-5-template/package.json,/npm-package-json/react-router-7.13.1/integration/helpers/vite-6-template/package.json,/npm-package-json/react-router-7.13.1/integration/helpers/vite-7-beta-template/package.json,/npm-package-json/react-router-7.13.1/integration/helpers/vite-rolldown-template/package.json,/npm-package-json/react-router-7.13.1/integration/package.json,/npm-package-json/react-router-7.13.1/playground/framework-express/package.json,/npm-package-json/react-router-7.13.1/playground/middleware/package.json",""
"@react-router/express,react",7,"/npm-package-json/react-router-7.13.1/integration/helpers/vite-5-template/package.json,/npm-package-json/react-router-7.13.1/integration/helpers/vite-6-template/package.json,/npm-package-json/react-router-7.13.1/integration/helpers/vite-7-beta-template/package.json,/npm-package-json/react-router-7.13.1/integration/helpers/vite-rolldown-template/package.json,/npm-package-json/react-router-7.13.1/integration/package.json,/npm-package-json/react-router-7.13.1/playground/framework-express/package.json,/npm-package-json/react-router-7.13.1/playground/middleware/package.json",""
"@react-router/express,react-dom",7,"/npm-package-json/react-router-7.13.1/integration/helpers/vite-5-template/package.json,/npm-package-json/react-router-7.13.1/integration/helpers/vite-6-template/package.json,/npm-package-json/react-router-7.13.1/integration/helpers/vite-7-beta-template/package.json,/npm-package-json/react-router-7.13.1/integration/helpers/vite-rolldown-template/package.json,/npm-package-json/react-router-7.13.1/integration/package.json,/npm-package-json/react-router-7.13.1/playground/framework-express/package.json,/npm-package-json/react-router-7.13.1/playground/middleware/package.json",""
"@react-router/express,react-router",7,"/npm-package-json/react-router-7.13.1/integration/helpers/vite-5-template/package.json,/npm-package-json/react-router-7.13.1/integration/helpers/vite-6-template/package.json,/npm-package-json/react-router-7.13.1/integration/helpers/vite-7-beta-template/package.json,/npm-package-json/react-router-7.13.1/integration/helpers/vite-rolldown-template/package.json,/npm-package-json/react-router-7.13.1/integration/package.json,/npm-package-json/react-router-7.13.1/playground/framework-express/package.json,/npm-package-json/react-router-7.13.1/playground/middleware/package.json",""
"express,serialize-javascript",7,"/npm-package-json/react-router-7.13.1/integration/helpers/vite-5-template/package.json,/npm-package-json/react-router-7.13.1/integration/helpers/vite-6-template/package.json,/npm-package-json/react-router-7.13.1/integration/helpers/vite-7-beta-template/package.json,/npm-package-json/react-router-7.13.1/integration/helpers/vite-plugin-cloudflare-template/package.json,/npm-package-json/react-router-7.13.1/integration/helpers/vite-rolldown-template/package.json,/npm-package-json/react-router-7.13.1/integration/package.json,/npm-package-json/react-router-7.13.1/playground/vite-plugin-cloudflare/package.json",""
"isbot,serialize-javascript",7,"/npm-package-json/react-router-7.13.1/integration/helpers/vite-5-template/package.json,/npm-package-json/react-router-7.13.1/integration/helpers/vite-6-template/package.json,/npm-package-json/react-router-7.13.1/integration/helpers/vite-7-beta-template/package.json,/npm-package-json/react-router-7.13.1/integration/helpers/vite-plugin-cloudflare-template/package.json,/npm-package-json/react-router-7.13.1/integration/helpers/vite-rolldown-template/package.json,/npm-package-json/react-router-7.13.1/integration/package.json,/npm-package-json/react-router-7.13.1/playground/vite-plugin-cloudflare/package.json",""
"react,serialize-javascript",7,"/npm-package-json/react-router-7.13.1/integration/helpers/vite-5-template/package.json,/npm-package-json/react-router-7.13.1/integration/helpers/vite-6-template/package.json,/npm-package-json/react-router-7.13.1/integration/helpers/vite-7-beta-template/package.json,/npm-package-json/react-router-7.13.1/integration/helpers/vite-plugin-cloudflare-template/package.json,/npm-package-json/react-router-7.13.1/integration/helpers/vite-rolldown-template/package.json,/npm-package-json/react-router-7.13.1/integration/package.json,/npm-package-json/react-router-7.13.1/playground/vite-plugin-cloudflare/package.json",""
"react-dom,serialize-javascript",7,"/npm-package-json/react-router-7.13.1/integration/helpers/vite-5-template/package.json,/npm-package-json/react-router-7.13.1/integration/helpers/vite-6-template/package.json,/npm-package-json/react-router-7.13.1/integration/helpers/vite-7-beta-template/package.json,/npm-package-json/react-router-7.13.1/integration/helpers/vite-plugin-cloudflare-template/package.json,/npm-package-json/react-router-7.13.1/integration/helpers/vite-rolldown-template/package.json,/npm-package-json/react-router-7.13.1/integration/package.json,/npm-package-json/react-router-7.13.1/playground/vite-plugin-cloudflare/package.json",""
"react-router,serialize-javascript",7,"/npm-package-json/react-router-7.13.1/integration/helpers/vite-5-template/package.json,/npm-package-json/react-router-7.13.1/integration/helpers/vite-6-template/package.json,/npm-package-json/react-router-7.13.1/integration/helpers/vite-7-beta-template/package.json,/npm-package-json/react-router-7.13.1/integration/helpers/vite-plugin-cloudflare-template/package.json,/npm-package-json/react-router-7.13.1/integration/helpers/vite-rolldown-template/package.json,/npm-package-json/react-router-7.13.1/integration/package.json,/npm-package-json/react-router-7.13.1/playground/vite-plugin-cloudflare/package.json",""
"@react-router/express,@react-router/node,isbot",7,"/npm-package-json/react-router-7.13.1/integration/helpers/vite-5-template/package.json,/npm-package-json/react-router-7.13.1/integration/helpers/vite-6-template/package.json,/npm-package-json/react-router-7.13.1/integration/helpers/vite-7-beta-template/package.json,/npm-package-json/react-router-7.13.1/integration/helpers/vite-rolldown-template/package.json,/npm-package-json/react-router-7.13.1/integration/package.json,/npm-package-json/react-router-7.13.1/playground/framework-express/package.json,/npm-package-json/react-router-7.13.1/playground/middleware/package.json",""
"@react-router/express,express,isbot",7,"/npm-package-json/react-router-7.13.1/integration/helpers/vite-5-template/package.json,/npm-package-json/react-router-7.13.1/integration/helpers/vite-6-template/package.json,/npm-package-json/react-router-7.13.1/integration/helpers/vite-7-beta-template/package.json,/npm-package-json/react-router-7.13.1/integration/helpers/vite-rolldown-template/package.json,/npm-package-json/react-router-7.13.1/integration/package.json,/npm-package-json/react-router-7.13.1/playground/framework-express/package.json,/npm-package-json/react-router-7.13.1/playground/middleware/package.json",""
"@react-router/node,express,isbot",7,"/npm-package-json/react-router-7.13.1/integration/helpers/vite-5-template/package.json,/npm-package-json/react-router-7.13.1/integration/helpers/vite-6-template/package.json,/npm-package-json/react-router-7.13.1/integration/helpers/vite-7-beta-template/package.json,/npm-package-json/react-router-7.13.1/integration/helpers/vite-rolldown-template/package.json,/npm-package-json/react-router-7.13.1/integration/package.json,/npm-package-json/react-router-7.13.1/playground/framework-express/package.json,/npm-package-json/react-router-7.13.1/playground/middleware/package.json",""
"@react-router/express,@react-router/node,react",7,"/npm-package-json/react-router-7.13.1/integration/helpers/vite-5-template/package.json,/npm-package-json/react-router-7.13.1/integration/helpers/vite-6-template/package.json,/npm-package-json/react-router-7.13.1/integration/helpers/vite-7-beta-template/package.json,/npm-package-json/react-router-7.13.1/integration/helpers/vite-rolldown-template/package.json,/npm-package-json/react-router-7.13.1/integration/package.json,/npm-package-json/react-router-7.13.1/playground/framework-express/package.json,/npm-package-json/react-router-7.13.1/playground/middleware/package.json",""
"@react-router/express,express,react",7,"/npm-package-json/react-router-7.13.1/integration/helpers/vite-5-template/package.json,/npm-package-json/react-router-7.13.1/integration/helpers/vite-6-template/package.json,/npm-package-json/react-router-7.13.1/integration/helpers/vite-7-beta-template/package.json,/npm-package-json/react-router-7.13.1/integration/helpers/vite-rolldown-template/package.json,/npm-package-json/react-router-7.13.1/integration/package.json,/npm-package-json/react-router-7.13.1/playground/framework-express/package.json,/npm-package-json/react-router-7.13.1/playground/middleware/package.json",""
"@react-router/node,express,react",7,"/npm-package-json/react-router-7.13.1/integration/helpers/vite-5-template/package.json,/npm-package-json/react-router-7.13.1/integration/helpers/vite-6-template/package.json,/npm-package-json/react-router-7.13.1/integration/helpers/vite-7-beta-template/package.json,/npm-package-json/react-router-7.13.1/integration/helpers/vite-rolldown-template/package.json,/npm-package-json/react-router-7.13.1/integration/package.json,/npm-package-json/react-router-7.13.1/playground/framework-express/package.json,/npm-package-json/react-router-7.13.1/playground/middleware/package.json",""
"@react-router/express,isbot,react",7,"/npm-package-json/react-router-7.13.1/integration/helpers/vite-5-template/package.json,/npm-package-json/react-router-7.13.1/integration/helpers/vite-6-template/package.json,/npm-package-json/react-router-7.13.1/integration/helpers/vite-7-beta-template/package.json,/npm-package-json/react-router-7.13.1/integration/helpers/vite-rolldown-template/package.json,/npm-package-json/react-router-7.13.1/integration/package.json,/npm-package-json/react-router-7.13.1/playground/framework-express/package.json,/npm-package-json/react-router-7.13.1/playground/middleware/package.json",""
"@react-router/express,@react-router/node,react-dom",7,"/npm-package-json/react-router-7.13.1/integration/helpers/vite-5-template/package.json,/npm-package-json/react-router-7.13.1/integration/helpers/vite-6-template/package.json,/npm-package-json/react-router-7.13.1/integration/helpers/vite-7-beta-template/package.json,/npm-package-json/react-router-7.13.1/integration/helpers/vite-rolldown-template/package.json,/npm-package-json/react-router-7.13.1/integration/package.json,/npm-package-json/react-router-7.13.1/playground/framework-express/package.json,/npm-package-json/react-router-7.13.1/playground/middleware/package.json",""
"@react-router/express,express,react-dom",7,"/npm-package-json/react-router-7.13.1/integration/helpers/vite-5-template/package.json,/npm-package-json/react-router-7.13.1/integration/helpers/vite-6-template/package.json,/npm-package-json/react-router-7.13.1/integration/helpers/vite-7-beta-template/package.json,/npm-package-json/react-router-7.13.1/integration/helpers/vite-rolldown-template/package.json,/npm-package-json/react-router-7.13.1/integration/package.json,/npm-package-json/react-router-7.13.1/playground/framework-express/package.json,/npm-package-json/react-router-7.13.1/playground/middleware/package.json",""
"@react-router/node,express,react-dom",7,"/npm-package-json/react-router-7.13.1/integration/helpers/vite-5-template/package.json,/npm-package-json/react-router-7.13.1/integration/helpers/vite-6-template/package.json,/npm-package-json/react-router-7.13.1/integration/helpers/vite-7-beta-template/package.json,/npm-package-json/react-router-7.13.1/integration/helpers/vite-rolldown-template/package.json,/npm-package-json/react-router-7.13.1/integration/package.json,/npm-package-json/react-router-7.13.1/playground/framework-express/package.json,/npm-package-json/react-router-7.13.1/playground/middleware/package.json",""
"@react-router/express,isbot,react-dom",7,"/npm-package-json/react-router-7.13.1/integration/helpers/vite-5-template/package.json,/npm-package-json/react-router-7.13.1/integration/helpers/vite-6-template/package.json,/npm-package-json/react-router-7.13.1/integration/helpers/vite-7-beta-template/package.json,/npm-package-json/react-router-7.13.1/integration/helpers/vite-rolldown-template/package.json,/npm-package-json/react-router-7.13.1/integration/package.json,/npm-package-json/react-router-7.13.1/playground/framework-express/package.json,/npm-package-json/react-router-7.13.1/playground/middleware/package.json",""
"@react-router/express,react,react-dom",7,"/npm-package-json/react-router-7.13.1/integration/helpers/vite-5-template/package.json,/npm-package-json/react-router-7.13.1/integration/helpers/vite-6-template/package.json,/npm-package-json/react-router-7.13.1/integration/helpers/vite-7-beta-template/package.json,/npm-package-json/react-router-7.13.1/integration/helpers/vite-rolldown-template/package.json,/npm-package-json/react-router-7.13.1/integration/package.json,/npm-package-json/react-router-7.13.1/playground/framework-express/package.json,/npm-package-json/react-router-7.13.1/playground/middleware/package.json",""
"@react-router/express,@react-router/node,react-router",7,"/npm-package-json/react-router-7.13.1/integration/helpers/vite-5-template/package.json,/npm-package-json/react-router-7.13.1/integration/helpers/vite-6-template/package.json,/npm-package-json/react-router-7.13.1/integration/helpers/vite-7-beta-template/package.json,/npm-package-json/react-router-7.13.1/integration/helpers/vite-rolldown-template/package.json,/npm-package-json/react-router-7.13.1/integration/package.json,/npm-package-json/react-router-7.13.1/playground/framework-express/package.json,/npm-package-json/react-router-7.13.1/playground/middleware/package.json",""
"@react-router/express,express,react-router",7,"/npm-package-json/react-router-7.13.1/integration/helpers/vite-5-template/package.json,/npm-package-json/react-router-7.13.1/integration/helpers/vite-6-template/package.json,/npm-package-json/react-router-7.13.1/integration/helpers/vite-7-beta-template/package.json,/npm-package-json/react-router-7.13.1/integration/helpers/vite-rolldown-template/package.json,/npm-package-json/react-router-7.13.1/integration/package.json,/npm-package-json/react-router-7.13.1/playground/framework-express/package.json,/npm-package-json/react-router-7.13.1/playground/middleware/package.json",""
"@react-router/node,express,react-router",7,"/npm-package-json/react-router-7.13.1/integration/helpers/vite-5-template/package.json,/npm-package-json/react-router-7.13.1/integration/helpers/vite-6-template/package.json,/npm-package-json/react-router-7.13.1/integration/helpers/vite-7-beta-template/package.json,/npm-package-json/react-router-7.13.1/integration/helpers/vite-rolldown-template/package.json,/npm-package-json/react-router-7.13.1/integration/package.json,/npm-package-json/react-router-7.13.1/playground/framework-express/package.json,/npm-package-json/react-router-7.13.1/playground/middleware/package.json",""
"@react-router/express,isbot,react-router",7,"/npm-package-json/react-router-7.13.1/integration/helpers/vite-5-template/package.json,/npm-package-json/react-router-7.13.1/integration/helpers/vite-6-template/package.json,/npm-package-json/react-router-7.13.1/integration/helpers/vite-7-beta-template/package.json,/npm-package-json/react-router-7.13.1/integration/helpers/vite-rolldown-template/package.json,/npm-package-json/react-router-7.13.1/integration/package.json,/npm-package-json/react-router-7.13.1/playground/framework-express/package.json,/npm-package-json/react-router-7.13.1/playground/middleware/package.json",""
"@react-router/express,react,react-router",7,"/npm-package-json/react-router-7.13.1/integration/helpers/vite-5-template/package.json,/npm-package-json/react-router-7.13.1/integration/helpers/vite-6-template/package.json,/npm-package-json/react-router-7.13.1/integration/helpers/vite-7-beta-template/package.json,/npm-package-json/react-router-7.13.1/integration/helpers/vite-rolldown-template/package.json,/npm-package-json/react-router-7.13.1/integration/package.json,/npm-package-json/react-router-7.13.1/playground/framework-express/package.json,/npm-package-json/react-router-7.13.1/playground/middleware/package.json",""
"@react-router/express,react-dom,react-router",7,"/npm-package-json/react-router-7.13.1/integration/helpers/vite-5-template/package.json,/npm-package-json/react-router-7.13.1/integration/helpers/vite-6-template/package.json,/npm-package-json/react-router-7.13.1/integration/helpers/vite-7-beta-template/package.json,/npm-package-json/react-router-7.13.1/integration/helpers/vite-rolldown-template/package.json,/npm-package-json/react-router-7.13.1/integration/package.json,/npm-package-json/react-router-7.13.1/playground/framework-express/package.json,/npm-package-json/react-router-7.13.1/playground/middleware/package.json",""
"express,isbot,serialize-javascript",7,"/npm-package-json/react-router-7.13.1/integration/helpers/vite-5-template/package.json,/npm-package-json/react-router-7.13.1/integration/helpers/vite-6-template/package.json,/npm-package-json/react-router-7.13.1/integration/helpers/vite-7-beta-template/package.json,/npm-package-json/react-router-7.13.1/integration/helpers/vite-plugin-cloudflare-template/package.json,/npm-package-json/react-router-7.13.1/integration/helpers/vite-rolldown-template/package.json,/npm-package-json/react-router-7.13.1/integration/package.json,/npm-package-json/react-router-7.13.1/playground/vite-plugin-cloudflare/package.json",""
"express,react,serialize-javascript",7,"/npm-package-json/react-router-7.13.1/integration/helpers/vite-5-template/package.json,/npm-package-json/react-router-7.13.1/integration/helpers/vite-6-template/package.json,/npm-package-json/react-router-7.13.1/integration/helpers/vite-7-beta-template/package.json,/npm-package-json/react-router-7.13.1/integration/helpers/vite-plugin-cloudflare-template/package.json,/npm-package-json/react-router-7.13.1/integration/helpers/vite-rolldown-template/package.json,/npm-package-json/react-router-7.13.1/integration/package.json,/npm-package-json/react-router-7.13.1/playground/vite-plugin-cloudflare/package.json",""
"isbot,react,serialize-javascript",7,"/npm-package-json/react-router-7.13.1/integration/helpers/vite-5-template/package.json,/npm-package-json/react-router-7.13.1/integration/helpers/vite-6-template/package.json,/npm-package-json/react-router-7.13.1/integration/helpers/vite-7-beta-template/package.json,/npm-package-json/react-router-7.13.1/integration/helpers/vite-plugin-cloudflare-template/package.json,/npm-package-json/react-router-7.13.1/integration/helpers/vite-rolldown-template/package.json,/npm-package-json/react-router-7.13.1/integration/package.json,/npm-package-json/react-router-7.13.1/playground/vite-plugin-cloudflare/package.json",""
"express,react-dom,serialize-javascript",7,"/npm-package-json/react-router-7.13.1/integration/helpers/vite-5-template/package.json,/npm-package-json/react-router-7.13.1/integration/helpers/vite-6-template/package.json,/npm-package-json/react-router-7.13.1/integration/helpers/vite-7-beta-template/package.json,/npm-package-json/react-router-7.13.1/integration/helpers/vite-plugin-cloudflare-template/package.json,/npm-package-json/react-router-7.13.1/integration/helpers/vite-rolldown-template/package.json,/npm-package-json/react-router-7.13.1/integration/package.json,/npm-package-json/react-router-7.13.1/playground/vite-plugin-cloudflare/package.json",""
"isbot,react-dom,serialize-javascript",7,"/npm-package-json/react-router-7.13.1/integration/helpers/vite-5-template/package.json,/npm-package-json/react-router-7.13.1/integration/helpers/vite-6-template/package.json,/npm-package-json/react-router-7.13.1/integration/helpers/vite-7-beta-template/package.json,/npm-package-json/react-router-7.13.1/integration/helpers/vite-plugin-cloudflare-template/package.json,/npm-package-json/react-router-7.13.1/integration/helpers/vite-rolldown-template/package.json,/npm-package-json/react-router-7.13.1/integration/package.json,/npm-package-json/react-router-7.13.1/playground/vite-plugin-cloudflare/package.json",""
"react,react-dom,serialize-javascript",7,"/npm-package-json/react-router-7.13.1/integration/helpers/vite-5-template/package.json,/npm-package-json/react-router-7.13.1/integration/helpers/vite-6-template/package.json,/npm-package-json/react-router-7.13.1/integration/helpers/vite-7-beta-template/package.json,/npm-package-json/react-router-7.13.1/integration/helpers/vite-plugin-cloudflare-template/package.json,/npm-package-json/react-router-7.13.1/integration/helpers/vite-rolldown-template/package.json,/npm-package-json/react-router-7.13.1/integration/package.json,/npm-package-json/react-router-7.13.1/playground/vite-plugin-cloudflare/package.json",""
"express,react-router,serialize-javascript",7,"/npm-package-json/react-router-7.13.1/integration/helpers/vite-5-template/package.json,/npm-package-json/react-router-7.13.1/integration/helpers/vite-6-template/package.json,/npm-package-json/react-router-7.13.1/integration/helpers/vite-7-beta-template/package.json,/npm-package-json/react-router-7.13.1/integration/helpers/vite-plugin-cloudflare-template/package.json,/npm-package-json/react-router-7.13.1/integration/helpers/vite-rolldown-template/package.json,/npm-package-json/react-router-7.13.1/integration/package.json,/npm-package-json/react-router-7.13.1/playground/vite-plugin-cloudflare/package.json",""
"isbot,react-router,serialize-javascript",7,"/npm-package-json/react-router-7.13.1/integration/helpers/vite-5-template/package.json,/npm-package-json/react-router-7.13.1/integration/helpers/vite-6-template/package.json,/npm-package-json/react-router-7.13.1/integration/helpers/vite-7-beta-template/package.json,/npm-package-json/react-router-7.13.1/integration/helpers/vite-plugin-cloudflare-template/package.json,/npm-package-json/react-router-7.13.1/integration/helpers/vite-rolldown-template/package.json,/npm-package-json/react-router-7.13.1/integration/package.json,/npm-package-json/react-router-7.13.1/playground/vite-plugin-cloudflare/package.json",""
"react,react-router,serialize-javascript",7,"/npm-package-json/react-router-7.13.1/integration/helpers/vite-5-template/package.json,/npm-package-json/react-router-7.13.1/integration/helpers/vite-6-template/package.json,/npm-package-json/react-router-7.13.1/integration/helpers/vite-7-beta-template/package.json,/npm-package-json/react-router-7.13.1/integration/helpers/vite-plugin-cloudflare-template/package.json,/npm-package-json/react-router-7.13.1/integration/helpers/vite-rolldown-template/package.json,/npm-package-json/react-router-7.13.1/integration/package.json,/npm-package-json/react-router-7.13.1/playground/vite-plugin-cloudflare/package.json",""
"react-dom,react-router,serialize-javascript",7,"/npm-package-json/react-router-7.13.1/integration/helpers/vite-5-template/package.json,/npm-package-json/react-router-7.13.1/integration/helpers/vite-6-template/package.json,/npm-package-json/react-router-7.13.1/integration/helpers/vite-7-beta-template/package.json,/npm-package-json/react-router-7.13.1/integration/helpers/vite-plugin-cloudflare-template/package.json,/npm-package-json/react-router-7.13.1/integration/helpers/vite-rolldown-template/package.json,/npm-package-json/react-router-7.13.1/integration/package.json,/npm-package-json/react-router-7.13.1/playground/vite-plugin-cloudflare/package.json",""
"cross-env,react",6,"/npm-package-json/react-router-7.13.1/examples/multi-app/package.json,/npm-package-json/react-router-7.13.1/examples/ssr-data-router/package.json,/npm-package-json/react-router-7.13.1/examples/ssr/package.json,/npm-package-json/react-router-7.13.1/integration/helpers/rsc-vite/package.json,/npm-package-json/react-router-7.13.1/playground/framework-rolldown-vite/package.json,/npm-package-json/react-router-7.13.1/playground/middleware/package.json",""
"cross-env,react-dom",6,"/npm-package-json/react-router-7.13.1/examples/multi-app/package.json,/npm-package-json/react-router-7.13.1/examples/ssr-data-router/package.json,/npm-package-json/react-router-7.13.1/examples/ssr/package.json,/npm-package-json/react-router-7.13.1/integration/helpers/rsc-vite/package.json,/npm-package-json/react-router-7.13.1/playground/framework-rolldown-vite/package.json,/npm-package-json/react-router-7.13.1/playground/middleware/package.json",""
"cross-env,react,react-dom",6,"/npm-package-json/react-router-7.13.1/examples/multi-app/package.json,/npm-package-json/react-router-7.13.1/examples/ssr-data-router/package.json,/npm-package-json/react-router-7.13.1/examples/ssr/package.json,/npm-package-json/react-router-7.13.1/integration/helpers/rsc-vite/package.json,/npm-package-json/react-router-7.13.1/playground/framework-rolldown-vite/package.json,/npm-package-json/react-router-7.13.1/playground/middleware/package.json",""
"compression,react-router",6,"/npm-package-json/react-router-7.13.1/integration/helpers/rsc-vite-framework/package.json,/npm-package-json/react-router-7.13.1/integration/helpers/rsc-vite/package.json,/npm-package-json/react-router-7.13.1/playground/framework-express/package.json,/npm-package-json/react-router-7.13.1/playground/middleware/package.json,/npm-package-json/react-router-7.13.1/playground/rsc-vite-framework/package.json,/npm-package-json/react-router-7.13.1/playground/rsc-vite/package.json",""
"compression,express,react-router",6,"/npm-package-json/react-router-7.13.1/integration/helpers/rsc-vite-framework/package.json,/npm-package-json/react-router-7.13.1/integration/helpers/rsc-vite/package.json,/npm-package-json/react-router-7.13.1/playground/framework-express/package.json,/npm-package-json/react-router-7.13.1/playground/middleware/package.json,/npm-package-json/react-router-7.13.1/playground/rsc-vite-framework/package.json,/npm-package-json/react-router-7.13.1/playground/rsc-vite/package.json",""
"compression,react,react-router",6,"/npm-package-json/react-router-7.13.1/integration/helpers/rsc-vite-framework/package.json,/npm-package-json/react-router-7.13.1/integration/helpers/rsc-vite/package.json,/npm-package-json/react-router-7.13.1/playground/framework-express/package.json,/npm-package-json/react-router-7.13.1/playground/middleware/package.json,/npm-package-json/react-router-7.13.1/playground/rsc-vite-framework/package.json,/npm-package-json/react-router-7.13.1/playground/rsc-vite/package.json",""
"compression,react-dom,react-router",6,"/npm-package-json/react-router-7.13.1/integration/helpers/rsc-vite-framework/package.json,/npm-package-json/react-router-7.13.1/integration/helpers/rsc-vite/package.json,/npm-package-json/react-router-7.13.1/playground/framework-express/package.json,/npm-package-json/react-router-7.13.1/playground/middleware/package.json,/npm-package-json/react-router-7.13.1/playground/rsc-vite-framework/package.json,/npm-package-json/react-router-7.13.1/playground/rsc-vite/package.json",""
"compression,cross-env",5,"/npm-package-json/react-router-7.13.1/examples/multi-app/package.json,/npm-package-json/react-router-7.13.1/examples/ssr-data-router/package.json,/npm-package-json/react-router-7.13.1/examples/ssr/package.json,/npm-package-json/react-router-7.13.1/integration/helpers/rsc-vite/package.json,/npm-package-json/react-router-7.13.1/playground/middleware/package.json",""
"cross-env,express",5,"/npm-package-json/react-router-7.13.1/examples/multi-app/package.json,/npm-package-json/react-router-7.13.1/examples/ssr-data-router/package.json,/npm-package-json/react-router-7.13.1/examples/ssr/package.json,/npm-package-json/react-router-7.13.1/integration/helpers/rsc-vite/package.json,/npm-package-json/react-router-7.13.1/playground/middleware/package.json",""
"compression,cross-env,express",5,"/npm-package-json/react-router-7.13.1/examples/multi-app/package.json,/npm-package-json/react-router-7.13.1/examples/ssr-data-router/package.json,/npm-package-json/react-router-7.13.1/examples/ssr/package.json,/npm-package-json/react-router-7.13.1/integration/helpers/rsc-vite/package.json,/npm-package-json/react-router-7.13.1/playground/middleware/package.json",""
"compression,cross-env,react",5,"/npm-package-json/react-router-7.13.1/examples/multi-app/package.json,/npm-package-json/react-router-7.13.1/examples/ssr-data-router/package.json,/npm-package-json/react-router-7.13.1/examples/ssr/package.json,/npm-package-json/react-router-7.13.1/integration/helpers/rsc-vite/package.json,/npm-package-json/react-router-7.13.1/playground/middleware/package.json",""
"cross-env,express,react",5,"/npm-package-json/react-router-7.13.1/examples/multi-app/package.json,/npm-package-json/react-router-7.13.1/examples/ssr-data-router/package.json,/npm-package-json/react-router-7.13.1/examples/ssr/package.json,/npm-package-json/react-router-7.13.1/integration/helpers/rsc-vite/package.json,/npm-package-json/react-router-7.13.1/playground/middleware/package.json",""
"compression,cross-env,react-dom",5,"/npm-package-json/react-router-7.13.1/examples/multi-app/package.json,/npm-package-json/react-router-7.13.1/examples/ssr-data-router/package.json,/npm-package-json/react-router-7.13.1/examples/ssr/package.json,/npm-package-json/react-router-7.13.1/integration/helpers/rsc-vite/package.json,/npm-package-json/react-router-7.13.1/playground/middleware/package.json",""
"cross-env,express,react-dom",5,"/npm-package-json/react-router-7.13.1/examples/multi-app/package.json,/npm-package-json/react-router-7.13.1/examples/ssr-data-router/package.json,/npm-package-json/react-router-7.13.1/examples/ssr/package.json,/npm-package-json/react-router-7.13.1/integration/helpers/rsc-vite/package.json,/npm-package-json/react-router-7.13.1/playground/middleware/package.json",""
"@mjackson/node-fetch-server,compression",5,"/npm-package-json/react-router-7.13.1/integration/helpers/rsc-vite-framework/package.json,/npm-package-json/react-router-7.13.1/integration/helpers/rsc-vite/package.json,/npm-package-json/react-router-7.13.1/packages/react-router-serve/package.json,/npm-package-json/react-router-7.13.1/playground/rsc-vite-framework/package.json,/npm-package-json/react-router-7.13.1/playground/rsc-vite/package.json",""
"@mjackson/node-fetch-server,express",5,"/npm-package-json/react-router-7.13.1/integration/helpers/rsc-vite-framework/package.json,/npm-package-json/react-router-7.13.1/integration/helpers/rsc-vite/package.json,/npm-package-json/react-router-7.13.1/packages/react-router-serve/package.json,/npm-package-json/react-router-7.13.1/playground/rsc-vite-framework/package.json,/npm-package-json/react-router-7.13.1/playground/rsc-vite/package.json",""
"@react-router/serve,express",5,"/npm-package-json/react-router-7.13.1/integration/helpers/rsc-vite-framework/package.json,/npm-package-json/react-router-7.13.1/integration/helpers/vite-5-template/package.json,/npm-package-json/react-router-7.13.1/integration/helpers/vite-6-template/package.json,/npm-package-json/react-router-7.13.1/integration/helpers/vite-7-beta-template/package.json,/npm-package-json/react-router-7.13.1/integration/helpers/vite-rolldown-template/package.json",""
"@mjackson/node-fetch-server,compression,express",5,"/npm-package-json/react-router-7.13.1/integration/helpers/rsc-vite-framework/package.json,/npm-package-json/react-router-7.13.1/integration/helpers/rsc-vite/package.json,/npm-package-json/react-router-7.13.1/packages/react-router-serve/package.json,/npm-package-json/react-router-7.13.1/playground/rsc-vite-framework/package.json,/npm-package-json/react-router-7.13.1/playground/rsc-vite/package.json",""
"@react-router/serve,express,react",5,"/npm-package-json/react-router-7.13.1/integration/helpers/rsc-vite-framework/package.json,/npm-package-json/react-router-7.13.1/integration/helpers/vite-5-template/package.json,/npm-package-json/react-router-7.13.1/integration/helpers/vite-6-template/package.json,/npm-package-json/react-router-7.13.1/integration/helpers/vite-7-beta-template/package.json,/npm-package-json/react-router-7.13.1/integration/helpers/vite-rolldown-template/package.json",""
"@react-router/serve,express,react-dom",5,"/npm-package-json/react-router-7.13.1/integration/helpers/rsc-vite-framework/package.json,/npm-package-json/react-router-7.13.1/integration/helpers/vite-5-template/package.json,/npm-package-json/react-router-7.13.1/integration/helpers/vite-6-template/package.json,/npm-package-json/react-router-7.13.1/integration/helpers/vite-7-beta-template/package.json,/npm-package-json/react-router-7.13.1/integration/helpers/vite-rolldown-template/package.json",""
"@react-router/serve,express,react-router",5,"/npm-package-json/react-router-7.13.1/integration/helpers/rsc-vite-framework/package.json,/npm-package-json/react-router-7.13.1/integration/helpers/vite-5-template/package.json,/npm-package-json/react-router-7.13.1/integration/helpers/vite-6-template/package.json,/npm-package-json/react-router-7.13.1/integration/helpers/vite-7-beta-template/package.json,/npm-package-json/react-router-7.13.1/integration/helpers/vite-rolldown-template/package.json",""
"@react-router/express,@vanilla-extract/css",5,"/npm-package-json/react-router-7.13.1/integration/helpers/vite-5-template/package.json,/npm-package-json/react-router-7.13.1/integration/helpers/vite-6-template/package.json,/npm-package-json/react-router-7.13.1/integration/helpers/vite-7-beta-template/package.json,/npm-package-json/react-router-7.13.1/integration/helpers/vite-rolldown-template/package.json,/npm-package-json/react-router-7.13.1/integration/package.json",""
"@react-router/node,@vanilla-extract/css",5,"/npm-package-json/react-router-7.13.1/integration/helpers/vite-5-template/package.json,/npm-package-json/react-router-7.13.1/integration/helpers/vite-6-template/package.json,/npm-package-json/react-router-7.13.1/integration/helpers/vite-7-beta-template/package.json,/npm-package-json/react-router-7.13.1/integration/helpers/vite-rolldown-template/package.json,/npm-package-json/react-router-7.13.1/integration/package.json",""
"@react-router/express,@vanilla-extract/vite-plugin",5,"/npm-package-json/react-router-7.13.1/integration/helpers/vite-5-template/package.json,/npm-package-json/react-router-7.13.1/integration/helpers/vite-6-template/package.json,/npm-package-json/react-router-7.13.1/integration/helpers/vite-7-beta-template/package.json,/npm-package-json/react-router-7.13.1/integration/helpers/vite-rolldown-template/package.json,/npm-package-json/react-router-7.13.1/integration/package.json",""
"@react-router/node,@vanilla-extract/vite-plugin",5,"/npm-package-json/react-router-7.13.1/integration/helpers/vite-5-template/package.json,/npm-package-json/react-router-7.13.1/integration/helpers/vite-6-template/package.json,/npm-package-json/react-router-7.13.1/integration/helpers/vite-7-beta-template/package.json,/npm-package-json/react-router-7.13.1/integration/helpers/vite-rolldown-template/package.json,/npm-package-json/react-router-7.13.1/integration/package.json",""
"@vanilla-extract/css,@vanilla-extract/vite-plugin",5,"/npm-package-json/react-router-7.13.1/integration/helpers/vite-5-template/package.json,/npm-package-json/react-router-7.13.1/integration/helpers/vite-6-template/package.json,/npm-package-json/react-router-7.13.1/integration/helpers/vite-7-beta-template/package.json,/npm-package-json/react-router-7.13.1/integration/helpers/vite-rolldown-template/package.json,/npm-package-json/react-router-7.13.1/integration/package.json",""
"@vanilla-extract/css,express",5,"/npm-package-json/react-router-7.13.1/integration/helpers/vite-5-template/package.json,/npm-package-json/react-router-7.13.1/integration/helpers/vite-6-template/package.json,/npm-package-json/react-router-7.13.1/integration/helpers/vite-7-beta-template/package.json,/npm-package-json/react-router-7.13.1/integration/helpers/vite-rolldown-template/package.json,/npm-package-json/react-router-7.13.1/integration/package.json",""
"@vanilla-extract/vite-plugin,express",5,"/npm-package-json/react-router-7.13.1/integration/helpers/vite-5-template/package.json,/npm-package-json/react-router-7.13.1/integration/helpers/vite-6-template/package.json,/npm-package-json/react-router-7.13.1/integration/helpers/vite-7-beta-template/package.json,/npm-package-json/react-router-7.13.1/integration/helpers/vite-rolldown-template/package.json,/npm-package-json/react-router-7.13.1/integration/package.json",""
"@vanilla-extract/css,isbot",5,"/npm-package-json/react-router-7.13.1/integration/helpers/vite-5-template/package.json,/npm-package-json/react-router-7.13.1/integration/helpers/vite-6-template/package.json,/npm-package-json/react-router-7.13.1/integration/helpers/vite-7-beta-template/package.json,/npm-package-json/react-router-7.13.1/integration/helpers/vite-rolldown-template/package.json,/npm-package-json/react-router-7.13.1/integration/package.json",""
"@vanilla-extract/vite-plugin,isbot",5,"/npm-package-json/react-router-7.13.1/integration/helpers/vite-5-template/package.json,/npm-package-json/react-router-7.13.1/integration/helpers/vite-6-template/package.json,/npm-package-json/react-router-7.13.1/integration/helpers/vite-7-beta-template/package.json,/npm-package-json/react-router-7.13.1/integration/helpers/vite-rolldown-template/package.json,/npm-package-json/react-router-7.13.1/integration/package.json",""
"@vanilla-extract/css,react",5,"/npm-package-json/react-router-7.13.1/integration/helpers/vite-5-template/package.json,/npm-package-json/react-router-7.13.1/integration/helpers/vite-6-template/package.json,/npm-package-json/react-router-7.13.1/integration/helpers/vite-7-beta-template/package.json,/npm-package-json/react-router-7.13.1/integration/helpers/vite-rolldown-template/package.json,/npm-package-json/react-router-7.13.1/integration/package.json",""
"@vanilla-extract/vite-plugin,react",5,"/npm-package-json/react-router-7.13.1/integration/helpers/vite-5-template/package.json,/npm-package-json/react-router-7.13.1/integration/helpers/vite-6-template/package.json,/npm-package-json/react-router-7.13.1/integration/helpers/vite-7-beta-template/package.json,/npm-package-json/react-router-7.13.1/integration/helpers/vite-rolldown-template/package.json,/npm-package-json/react-router-7.13.1/integration/package.json",""
"@vanilla-extract/css,react-dom",5,"/npm-package-json/react-router-7.13.1/integration/helpers/vite-5-template/package.json,/npm-package-json/react-router-7.13.1/integration/helpers/vite-6-template/package.json,/npm-package-json/react-router-7.13.1/integration/helpers/vite-7-beta-template/package.json,/npm-package-json/react-router-7.13.1/integration/helpers/vite-rolldown-template/package.json,/npm-package-json/react-router-7.13.1/integration/package.json",""
"@vanilla-extract/vite-plugin,react-dom",5,"/npm-package-json/react-router-7.13.1/integration/helpers/vite-5-template/package.json,/npm-package-json/react-router-7.13.1/integration/helpers/vite-6-template/package.json,/npm-package-json/react-router-7.13.1/integration/helpers/vite-7-beta-template/package.json,/npm-package-json/react-router-7.13.1/integration/helpers/vite-rolldown-template/package.json,/npm-package-json/react-router-7.13.1/integration/package.json",""
"@vanilla-extract/css,react-router",5,"/npm-package-json/react-router-7.13.1/integration/helpers/vite-5-template/package.json,/npm-package-json/react-router-7.13.1/integration/helpers/vite-6-template/package.json,/npm-package-json/react-router-7.13.1/integration/helpers/vite-7-beta-template/package.json,/npm-package-json/react-router-7.13.1/integration/helpers/vite-rolldown-template/package.json,/npm-package-json/react-router-7.13.1/integration/package.json",""
"@vanilla-extract/vite-plugin,react-router",5,"/npm-package-json/react-router-7.13.1/integration/helpers/vite-5-template/package.json,/npm-package-json/react-router-7.13.1/integration/helpers/vite-6-template/package.json,/npm-package-json/react-router-7.13.1/integration/helpers/vite-7-beta-template/package.json,/npm-package-json/react-router-7.13.1/integration/helpers/vite-rolldown-template/package.json,/npm-package-json/react-router-7.13.1/integration/package.json",""
"@react-router/express,serialize-javascript",5,"/npm-package-json/react-router-7.13.1/integration/helpers/vite-5-template/package.json,/npm-package-json/react-router-7.13.1/integration/helpers/vite-6-template/package.json,/npm-package-json/react-router-7.13.1/integration/helpers/vite-7-beta-template/package.json,/npm-package-json/react-router-7.13.1/integration/helpers/vite-rolldown-template/package.json,/npm-package-json/react-router-7.13.1/integration/package.json",""
"@react-router/node,serialize-javascript",5,"/npm-package-json/react-router-7.13.1/integration/helpers/vite-5-template/package.json,/npm-package-json/react-router-7.13.1/integration/helpers/vite-6-template/package.json,/npm-package-json/react-router-7.13.1/integration/helpers/vite-7-beta-template/package.json,/npm-package-json/react-router-7.13.1/integration/helpers/vite-rolldown-template/package.json,/npm-package-json/react-router-7.13.1/integration/package.json",""
"@vanilla-extract/css,serialize-javascript",5,"/npm-package-json/react-router-7.13.1/integration/helpers/vite-5-template/package.json,/npm-package-json/react-router-7.13.1/integration/helpers/vite-6-template/package.json,/npm-package-json/react-router-7.13.1/integration/helpers/vite-7-beta-template/package.json,/npm-package-json/react-router-7.13.1/integration/helpers/vite-rolldown-template/package.json,/npm-package-json/react-router-7.13.1/integration/package.json",""
"@vanilla-extract/vite-plugin,serialize-javascript",5,"/npm-package-json/react-router-7.13.1/integration/helpers/vite-5-template/package.json,/npm-package-json/react-router-7.13.1/integration/helpers/vite-6-template/package.json,/npm-package-json/react-router-7.13.1/integration/helpers/vite-7-beta-template/package.json,/npm-package-json/react-router-7.13.1/integration/helpers/vite-rolldown-template/package.json,/npm-package-json/react-router-7.13.1/integration/package.json",""
"@react-router/express,@react-router/node,@vanilla-extract/css",5,"/npm-package-json/react-router-7.13.1/integration/helpers/vite-5-template/package.json,/npm-package-json/react-router-7.13.1/integration/helpers/vite-6-template/package.json,/npm-package-json/react-router-7.13.1/integration/helpers/vite-7-beta-template/package.json,/npm-package-json/react-router-7.13.1/integration/helpers/vite-rolldown-template/package.json,/npm-package-json/react-router-7.13.1/integration/package.json",""
"@react-router/express,@react-router/node,@vanilla-extract/vite-plugin",5,"/npm-package-json/react-router-7.13.1/integration/helpers/vite-5-template/package.json,/npm-package-json/react-router-7.13.1/integration/helpers/vite-6-template/package.json,/npm-package-json/react-router-7.13.1/integration/helpers/vite-7-beta-template/package.json,/npm-package-json/react-router-7.13.1/integration/helpers/vite-rolldown-template/package.json,/npm-package-json/react-router-7.13.1/integration/package.json",""
"@react-router/express,@vanilla-extract/css,@vanilla-extract/vite-plugin",5,"/npm-package-json/react-router-7.13.1/integration/helpers/vite-5-template/package.json,/npm-package-json/react-router-7.13.1/integration/helpers/vite-6-template/package.json,/npm-package-json/react-router-7.13.1/integration/helpers/vite-7-beta-template/package.json,/npm-package-json/react-router-7.13.1/integration/helpers/vite-rolldown-template/package.json,/npm-package-json/react-router-7.13.1/integration/package.json",""
"@react-router/node,@vanilla-extract/css,@vanilla-extract/vite-plugin",5,"/npm-package-json/react-router-7.13.1/integration/helpers/vite-5-template/package.json,/npm-package-json/react-router-7.13.1/integration/helpers/vite-6-template/package.json,/npm-package-json/react-router-7.13.1/integration/helpers/vite-7-beta-template/package.json,/npm-package-json/react-router-7.13.1/integration/helpers/vite-rolldown-template/package.json,/npm-package-json/react-router-7.13.1/integration/package.json",""
"@react-router/express,@vanilla-extract/css,express",5,"/npm-package-json/react-router-7.13.1/integration/helpers/vite-5-template/package.json,/npm-package-json/react-router-7.13.1/integration/helpers/vite-6-template/package.json,/npm-package-json/react-router-7.13.1/integration/helpers/vite-7-beta-template/package.json,/npm-package-json/react-router-7.13.1/integration/helpers/vite-rolldown-template/package.json,/npm-package-json/react-router-7.13.1/integration/package.json",""
"@react-router/node,@vanilla-extract/css,express",5,"/npm-package-json/react-router-7.13.1/integration/helpers/vite-5-template/package.json,/npm-package-json/react-router-7.13.1/integration/helpers/vite-6-template/package.json,/npm-package-json/react-router-7.13.1/integration/helpers/vite-7-beta-template/package.json,/npm-package-json/react-router-7.13.1/integration/helpers/vite-rolldown-template/package.json,/npm-package-json/react-router-7.13.1/integration/package.json",""
"@react-router/express,@vanilla-extract/vite-plugin,express",5,"/npm-package-json/react-router-7.13.1/integration/helpers/vite-5-template/package.json,/npm-package-json/react-router-7.13.1/integration/helpers/vite-6-template/package.json,/npm-package-json/react-router-7.13.1/integration/helpers/vite-7-beta-template/package.json,/npm-package-json/react-router-7.13.1/integration/helpers/vite-rolldown-template/package.json,/npm-package-json/react-router-7.13.1/integration/package.json",""
"@react-router/node,@vanilla-extract/vite-plugin,express",5,"/npm-package-json/react-router-7.13.1/integration/helpers/vite-5-template/package.json,/npm-package-json/react-router-7.13.1/integration/helpers/vite-6-template/package.json,/npm-package-json/react-router-7.13.1/integration/helpers/vite-7-beta-template/package.json,/npm-package-json/react-router-7.13.1/integration/helpers/vite-rolldown-template/package.json,/npm-package-json/react-router-7.13.1/integration/package.json",""
"@vanilla-extract/css,@vanilla-extract/vite-plugin,express",5,"/npm-package-json/react-router-7.13.1/integration/helpers/vite-5-template/package.json,/npm-package-json/react-router-7.13.1/integration/helpers/vite-6-template/package.json,/npm-package-json/react-router-7.13.1/integration/helpers/vite-7-beta-template/package.json,/npm-package-json/react-router-7.13.1/integration/helpers/vite-rolldown-template/package.json,/npm-package-json/react-router-7.13.1/integration/package.json",""
"@react-router/express,@vanilla-extract/css,isbot",5,"/npm-package-json/react-router-7.13.1/integration/helpers/vite-5-template/package.json,/npm-package-json/react-router-7.13.1/integration/helpers/vite-6-template/package.json,/npm-package-json/react-router-7.13.1/integration/helpers/vite-7-beta-template/package.json,/npm-package-json/react-router-7.13.1/integration/helpers/vite-rolldown-template/package.json,/npm-package-json/react-router-7.13.1/integration/package.json",""
"@react-router/node,@vanilla-extract/css,isbot",5,"/npm-package-json/react-router-7.13.1/integration/helpers/vite-5-template/package.json,/npm-package-json/react-router-7.13.1/integration/helpers/vite-6-template/package.json,/npm-package-json/react-router-7.13.1/integration/helpers/vite-7-beta-template/package.json,/npm-package-json/react-router-7.13.1/integration/helpers/vite-rolldown-template/package.json,/npm-package-json/react-router-7.13.1/integration/package.json",""
"@react-router/express,@vanilla-extract/vite-plugin,isbot",5,"/npm-package-json/react-router-7.13.1/integration/helpers/vite-5-template/package.json,/npm-package-json/react-router-7.13.1/integration/helpers/vite-6-template/package.json,/npm-package-json/react-router-7.13.1/integration/helpers/vite-7-beta-template/package.json,/npm-package-json/react-router-7.13.1/integration/helpers/vite-rolldown-template/package.json,/npm-package-json/react-router-7.13.1/integration/package.json",""
"@react-router/node,@vanilla-extract/vite-plugin,isbot",5,"/npm-package-json/react-router-7.13.1/integration/helpers/vite-5-template/package.json,/npm-package-json/react-router-7.13.1/integration/helpers/vite-6-template/package.json,/npm-package-json/react-router-7.13.1/integration/helpers/vite-7-beta-template/package.json,/npm-package-json/react-router-7.13.1/integration/helpers/vite-rolldown-template/package.json,/npm-package-json/react-router-7.13.1/integration/package.json",""
"@vanilla-extract/css,@vanilla-extract/vite-plugin,isbot",5,"/npm-package-json/react-router-7.13.1/integration/helpers/vite-5-template/package.json,/npm-package-json/react-router-7.13.1/integration/helpers/vite-6-template/package.json,/npm-package-json/react-router-7.13.1/integration/helpers/vite-7-beta-template/package.json,/npm-package-json/react-router-7.13.1/integration/helpers/vite-rolldown-template/package.json,/npm-package-json/react-router-7.13.1/integration/package.json",""
"@vanilla-extract/css,express,isbot",5,"/npm-package-json/react-router-7.13.1/integration/helpers/vite-5-template/package.json,/npm-package-json/react-router-7.13.1/integration/helpers/vite-6-template/package.json,/npm-package-json/react-router-7.13.1/integration/helpers/vite-7-beta-template/package.json,/npm-package-json/react-router-7.13.1/integration/helpers/vite-rolldown-template/package.json,/npm-package-json/react-router-7.13.1/integration/package.json",""
"@vanilla-extract/vite-plugin,express,isbot",5,"/npm-package-json/react-router-7.13.1/integration/helpers/vite-5-template/package.json,/npm-package-json/react-router-7.13.1/integration/helpers/vite-6-template/package.json,/npm-package-json/react-router-7.13.1/integration/helpers/vite-7-beta-template/package.json,/npm-package-json/react-router-7.13.1/integration/helpers/vite-rolldown-template/package.json,/npm-package-json/react-router-7.13.1/integration/package.json",""
"@react-router/express,@vanilla-extract/css,react",5,"/npm-package-json/react-router-7.13.1/integration/helpers/vite-5-template/package.json,/npm-package-json/react-router-7.13.1/integration/helpers/vite-6-template/package.json,/npm-package-json/react-router-7.13.1/integration/helpers/vite-7-beta-template/package.json,/npm-package-json/react-router-7.13.1/integration/helpers/vite-rolldown-template/package.json,/npm-package-json/react-router-7.13.1/integration/package.json",""
"@react-router/node,@vanilla-extract/css,react",5,"/npm-package-json/react-router-7.13.1/integration/helpers/vite-5-template/package.json,/npm-package-json/react-router-7.13.1/integration/helpers/vite-6-template/package.json,/npm-package-json/react-router-7.13.1/integration/helpers/vite-7-beta-template/package.json,/npm-package-json/react-router-7.13.1/integration/helpers/vite-rolldown-template/package.json,/npm-package-json/react-router-7.13.1/integration/package.json",""
"@react-router/express,@vanilla-extract/vite-plugin,react",5,"/npm-package-json/react-router-7.13.1/integration/helpers/vite-5-template/package.json,/npm-package-json/react-router-7.13.1/integration/helpers/vite-6-template/package.json,/npm-package-json/react-router-7.13.1/integration/helpers/vite-7-beta-template/package.json,/npm-package-json/react-router-7.13.1/integration/helpers/vite-rolldown-template/package.json,/npm-package-json/react-router-7.13.1/integration/package.json",""
"@react-router/node,@vanilla-extract/vite-plugin,react",5,"/npm-package-json/react-router-7.13.1/integration/helpers/vite-5-template/package.json,/npm-package-json/react-router-7.13.1/integration/helpers/vite-6-template/package.json,/npm-package-json/react-router-7.13.1/integration/helpers/vite-7-beta-template/package.json,/npm-package-json/react-router-7.13.1/integration/helpers/vite-rolldown-template/package.json,/npm-package-json/react-router-7.13.1/integration/package.json",""
"@vanilla-extract/css,@vanilla-extract/vite-plugin,react",5,"/npm-package-json/react-router-7.13.1/integration/helpers/vite-5-template/package.json,/npm-package-json/react-router-7.13.1/integration/helpers/vite-6-template/package.json,/npm-package-json/react-router-7.13.1/integration/helpers/vite-7-beta-template/package.json,/npm-package-json/react-router-7.13.1/integration/helpers/vite-rolldown-template/package.json,/npm-package-json/react-router-7.13.1/integration/package.json",""
"@vanilla-extract/css,express,react",5,"/npm-package-json/react-router-7.13.1/integration/helpers/vite-5-template/package.json,/npm-package-json/react-router-7.13.1/integration/helpers/vite-6-template/package.json,/npm-package-json/react-router-7.13.1/integration/helpers/vite-7-beta-template/package.json,/npm-package-json/react-router-7.13.1/integration/helpers/vite-rolldown-template/package.json,/npm-package-json/react-router-7.13.1/integration/package.json",""
"@vanilla-extract/vite-plugin,express,react",5,"/npm-package-json/react-router-7.13.1/integration/helpers/vite-5-template/package.json,/npm-package-json/react-router-7.13.1/integration/helpers/vite-6-template/package.json,/npm-package-json/react-router-7.13.1/integration/helpers/vite-7-beta-template/package.json,/npm-package-json/react-router-7.13.1/integration/helpers/vite-rolldown-template/package.json,/npm-package-json/react-router-7.13.1/integration/package.json",""
"@vanilla-extract/css,isbot,react",5,"/npm-package-json/react-router-7.13.1/integration/helpers/vite-5-template/package.json,/npm-package-json/react-router-7.13.1/integration/helpers/vite-6-template/package.json,/npm-package-json/react-router-7.13.1/integration/helpers/vite-7-beta-template/package.json,/npm-package-json/react-router-7.13.1/integration/helpers/vite-rolldown-template/package.json,/npm-package-json/react-router-7.13.1/integration/package.json",""
"@vanilla-extract/vite-plugin,isbot,react",5,"/npm-package-json/react-router-7.13.1/integration/helpers/vite-5-template/package.json,/npm-package-json/react-router-7.13.1/integration/helpers/vite-6-template/package.json,/npm-package-json/react-router-7.13.1/integration/helpers/vite-7-beta-template/package.json,/npm-package-json/react-router-7.13.1/integration/helpers/vite-rolldown-template/package.json,/npm-package-json/react-router-7.13.1/integration/package.json",""
"@react-router/express,@vanilla-extract/css,react-dom",5,"/npm-package-json/react-router-7.13.1/integration/helpers/vite-5-template/package.json,/npm-package-json/react-router-7.13.1/integration/helpers/vite-6-template/package.json,/npm-package-json/react-router-7.13.1/integration/helpers/vite-7-beta-template/package.json,/npm-package-json/react-router-7.13.1/integration/helpers/vite-rolldown-template/package.json,/npm-package-json/react-router-7.13.1/integration/package.json",""
"@react-router/node,@vanilla-extract/css,react-dom",5,"/npm-package-json/react-router-7.13.1/integration/helpers/vite-5-template/package.json,/npm-package-json/react-router-7.13.1/integration/helpers/vite-6-template/package.json,/npm-package-json/react-router-7.13.1/integration/helpers/vite-7-beta-template/package.json,/npm-package-json/react-router-7.13.1/integration/helpers/vite-rolldown-template/package.json,/npm-package-json/react-router-7.13.1/integration/package.json",""
"@react-router/express,@vanilla-extract/vite-plugin,react-dom",5,"/npm-package-json/react-router-7.13.1/integration/helpers/vite-5-template/package.json,/npm-package-json/react-router-7.13.1/integration/helpers/vite-6-template/package.json,/npm-package-json/react-router-7.13.1/integration/helpers/vite-7-beta-template/package.json,/npm-package-json/react-router-7.13.1/integration/helpers/vite-rolldown-template/package.json,/npm-package-json/react-router-7.13.1/integration/package.json",""
"@react-router/node,@vanilla-extract/vite-plugin,react-dom",5,"/npm-package-json/react-router-7.13.1/integration/helpers/vite-5-template/package.json,/npm-package-json/react-router-7.13.1/integration/helpers/vite-6-template/package.json,/npm-package-json/react-router-7.13.1/integration/helpers/vite-7-beta-template/package.json,/npm-package-json/react-router-7.13.1/integration/helpers/vite-rolldown-template/package.json,/npm-package-json/react-router-7.13.1/integration/package.json",""
"@vanilla-extract/css,@vanilla-extract/vite-plugin,react-dom",5,"/npm-package-json/react-router-7.13.1/integration/helpers/vite-5-template/package.json,/npm-package-json/react-router-7.13.1/integration/helpers/vite-6-template/package.json,/npm-package-json/react-router-7.13.1/integration/helpers/vite-7-beta-template/package.json,/npm-package-json/react-router-7.13.1/integration/helpers/vite-rolldown-template/package.json,/npm-package-json/react-router-7.13.1/integration/package.json",""
"@vanilla-extract/css,express,react-dom",5,"/npm-package-json/react-router-7.13.1/integration/helpers/vite-5-template/package.json,/npm-package-json/react-router-7.13.1/integration/helpers/vite-6-template/package.json,/npm-package-json/react-router-7.13.1/integration/helpers/vite-7-beta-template/package.json,/npm-package-json/react-router-7.13.1/integration/helpers/vite-rolldown-template/package.json,/npm-package-json/react-router-7.13.1/integration/package.json",""
"@vanilla-extract/vite-plugin,express,react-dom",5,"/npm-package-json/react-router-7.13.1/integration/helpers/vite-5-template/package.json,/npm-package-json/react-router-7.13.1/integration/helpers/vite-6-template/package.json,/npm-package-json/react-router-7.13.1/integration/helpers/vite-7-beta-template/package.json,/npm-package-json/react-router-7.13.1/integration/helpers/vite-rolldown-template/package.json,/npm-package-json/react-router-7.13.1/integration/package.json",""
"@vanilla-extract/css,isbot,react-dom",5,"/npm-package-json/react-router-7.13.1/integration/helpers/vite-5-template/package.json,/npm-package-json/react-router-7.13.1/integration/helpers/vite-6-template/package.json,/npm-package-json/react-router-7.13.1/integration/helpers/vite-7-beta-template/package.json,/npm-package-json/react-router-7.13.1/integration/helpers/vite-rolldown-template/package.json,/npm-package-json/react-router-7.13.1/integration/package.json",""
"@vanilla-extract/vite-plugin,isbot,react-dom",5,"/npm-package-json/react-router-7.13.1/integration/helpers/vite-5-template/package.json,/npm-package-json/react-router-7.13.1/integration/helpers/vite-6-template/package.json,/npm-package-json/react-router-7.13.1/integration/helpers/vite-7-beta-template/package.json,/npm-package-json/react-router-7.13.1/integration/helpers/vite-rolldown-template/package.json,/npm-package-json/react-router-7.13.1/integration/package.json",""
"@vanilla-extract/css,react,react-dom",5,"/npm-package-json/react-router-7.13.1/integration/helpers/vite-5-template/package.json,/npm-package-json/react-router-7.13.1/integration/helpers/vite-6-template/package.json,/npm-package-json/react-router-7.13.1/integration/helpers/vite-7-beta-template/package.json,/npm-package-json/react-router-7.13.1/integration/helpers/vite-rolldown-template/package.json,/npm-package-json/react-router-7.13.1/integration/package.json",""
"@vanilla-extract/vite-plugin,react,react-dom",5,"/npm-package-json/react-router-7.13.1/integration/helpers/vite-5-template/package.json,/npm-package-json/react-router-7.13.1/integration/helpers/vite-6-template/package.json,/npm-package-json/react-router-7.13.1/integration/helpers/vite-7-beta-template/package.json,/npm-package-json/react-router-7.13.1/integration/helpers/vite-rolldown-template/package.json,/npm-package-json/react-router-7.13.1/integration/package.json",""
"@react-router/express,@vanilla-extract/css,react-router",5,"/npm-package-json/react-router-7.13.1/integration/helpers/vite-5-template/package.json,/npm-package-json/react-router-7.13.1/integration/helpers/vite-6-template/package.json,/npm-package-json/react-router-7.13.1/integration/helpers/vite-7-beta-template/package.json,/npm-package-json/react-router-7.13.1/integration/helpers/vite-rolldown-template/package.json,/npm-package-json/react-router-7.13.1/integration/package.json",""
"@react-router/node,@vanilla-extract/css,react-router",5,"/npm-package-json/react-router-7.13.1/integration/helpers/vite-5-template/package.json,/npm-package-json/react-router-7.13.1/integration/helpers/vite-6-template/package.json,/npm-package-json/react-router-7.13.1/integration/helpers/vite-7-beta-template/package.json,/npm-package-json/react-router-7.13.1/integration/helpers/vite-rolldown-template/package.json,/npm-package-json/react-router-7.13.1/integration/package.json",""
"@react-router/express,@vanilla-extract/vite-plugin,react-router",5,"/npm-package-json/react-router-7.13.1/integration/helpers/vite-5-template/package.json,/npm-package-json/react-router-7.13.1/integration/helpers/vite-6-template/package.json,/npm-package-json/react-router-7.13.1/integration/helpers/vite-7-beta-template/package.json,/npm-package-json/react-router-7.13.1/integration/helpers/vite-rolldown-template/package.json,/npm-package-json/react-router-7.13.1/integration/package.json",""
"@react-router/node,@vanilla-extract/vite-plugin,react-router",5,"/npm-package-json/react-router-7.13.1/integration/helpers/vite-5-template/package.json,/npm-package-json/react-router-7.13.1/integration/helpers/vite-6-template/package.json,/npm-package-json/react-router-7.13.1/integration/helpers/vite-7-beta-template/package.json,/npm-package-json/react-router-7.13.1/integration/helpers/vite-rolldown-template/package.json,/npm-package-json/react-router-7.13.1/integration/package.json",""
"@vanilla-extract/css,@vanilla-extract/vite-plugin,react-router",5,"/npm-package-json/react-router-7.13.1/integration/helpers/vite-5-template/package.json,/npm-package-json/react-router-7.13.1/integration/helpers/vite-6-template/package.json,/npm-package-json/react-router-7.13.1/integration/helpers/vite-7-beta-template/package.json,/npm-package-json/react-router-7.13.1/integration/helpers/vite-rolldown-template/package.json,/npm-package-json/react-router-7.13.1/integration/package.json",""
"@vanilla-extract/css,express,react-router",5,"/npm-package-json/react-router-7.13.1/integration/helpers/vite-5-template/package.json,/npm-package-json/react-router-7.13.1/integration/helpers/vite-6-template/package.json,/npm-package-json/react-router-7.13.1/integration/helpers/vite-7-beta-template/package.json,/npm-package-json/react-router-7.13.1/integration/helpers/vite-rolldown-template/package.json,/npm-package-json/react-router-7.13.1/integration/package.json",""
"@vanilla-extract/vite-plugin,express,react-router",5,"/npm-package-json/react-router-7.13.1/integration/helpers/vite-5-template/package.json,/npm-package-json/react-router-7.13.1/integration/helpers/vite-6-template/package.json,/npm-package-json/react-router-7.13.1/integration/helpers/vite-7-beta-template/package.json,/npm-package-json/react-router-7.13.1/integration/helpers/vite-rolldown-template/package.json,/npm-package-json/react-router-7.13.1/integration/package.json",""
"@vanilla-extract/css,isbot,react-router",5,"/npm-package-json/react-router-7.13.1/integration/helpers/vite-5-template/package.json,/npm-package-json/react-router-7.13.1/integration/helpers/vite-6-template/package.json,/npm-package-json/react-router-7.13.1/integration/helpers/vite-7-beta-template/package.json,/npm-package-json/react-router-7.13.1/integration/helpers/vite-rolldown-template/package.json,/npm-package-json/react-router-7.13.1/integration/package.json",""
"@vanilla-extract/vite-plugin,isbot,react-router",5,"/npm-package-json/react-router-7.13.1/integration/helpers/vite-5-template/package.json,/npm-package-json/react-router-7.13.1/integration/helpers/vite-6-template/package.json,/npm-package-json/react-router-7.13.1/integration/helpers/vite-7-beta-template/package.json,/npm-package-json/react-router-7.13.1/integration/helpers/vite-rolldown-template/package.json,/npm-package-json/react-router-7.13.1/integration/package.json",""
"@vanilla-extract/css,react,react-router",5,"/npm-package-json/react-router-7.13.1/integration/helpers/vite-5-template/package.json,/npm-package-json/react-router-7.13.1/integration/helpers/vite-6-template/package.json,/npm-package-json/react-router-7.13.1/integration/helpers/vite-7-beta-template/package.json,/npm-package-json/react-router-7.13.1/integration/helpers/vite-rolldown-template/package.json,/npm-package-json/react-router-7.13.1/integration/package.json",""
"@vanilla-extract/vite-plugin,react,react-router",5,"/npm-package-json/react-router-7.13.1/integration/helpers/vite-5-template/package.json,/npm-package-json/react-router-7.13.1/integration/helpers/vite-6-template/package.json,/npm-package-json/react-router-7.13.1/integration/helpers/vite-7-beta-template/package.json,/npm-package-json/react-router-7.13.1/integration/helpers/vite-rolldown-template/package.json,/npm-package-json/react-router-7.13.1/integration/package.json",""
"@vanilla-extract/css,react-dom,react-router",5,"/npm-package-json/react-router-7.13.1/integration/helpers/vite-5-template/package.json,/npm-package-json/react-router-7.13.1/integration/helpers/vite-6-template/package.json,/npm-package-json/react-router-7.13.1/integration/helpers/vite-7-beta-template/package.json,/npm-package-json/react-router-7.13.1/integration/helpers/vite-rolldown-template/package.json,/npm-package-json/react-router-7.13.1/integration/package.json",""
"@vanilla-extract/vite-plugin,react-dom,react-router",5,"/npm-package-json/react-router-7.13.1/integration/helpers/vite-5-template/package.json,/npm-package-json/react-router-7.13.1/integration/helpers/vite-6-template/package.json,/npm-package-json/react-router-7.13.1/integration/helpers/vite-7-beta-template/package.json,/npm-package-json/react-router-7.13.1/integration/helpers/vite-rolldown-template/package.json,/npm-package-json/react-router-7.13.1/integration/package.json",""
"@react-router/express,@react-router/node,serialize-javascript",5,"/npm-package-json/react-router-7.13.1/integration/helpers/vite-5-template/package.json,/npm-package-json/react-router-7.13.1/integration/helpers/vite-6-template/package.json,/npm-package-json/react-router-7.13.1/integration/helpers/vite-7-beta-template/package.json,/npm-package-json/react-router-7.13.1/integration/helpers/vite-rolldown-template/package.json,/npm-package-json/react-router-7.13.1/integration/package.json",""
"@react-router/express,@vanilla-extract/css,serialize-javascript",5,"/npm-package-json/react-router-7.13.1/integration/helpers/vite-5-template/package.json,/npm-package-json/react-router-7.13.1/integration/helpers/vite-6-template/package.json,/npm-package-json/react-router-7.13.1/integration/helpers/vite-7-beta-template/package.json,/npm-package-json/react-router-7.13.1/integration/helpers/vite-rolldown-template/package.json,/npm-package-json/react-router-7.13.1/integration/package.json",""
"@react-router/node,@vanilla-extract/css,serialize-javascript",5,"/npm-package-json/react-router-7.13.1/integration/helpers/vite-5-template/package.json,/npm-package-json/react-router-7.13.1/integration/helpers/vite-6-template/package.json,/npm-package-json/react-router-7.13.1/integration/helpers/vite-7-beta-template/package.json,/npm-package-json/react-router-7.13.1/integration/helpers/vite-rolldown-template/package.json,/npm-package-json/react-router-7.13.1/integration/package.json",""
"@react-router/express,@vanilla-extract/vite-plugin,serialize-javascript",5,"/npm-package-json/react-router-7.13.1/integration/helpers/vite-5-template/package.json,/npm-package-json/react-router-7.13.1/integration/helpers/vite-6-template/package.json,/npm-package-json/react-router-7.13.1/integration/helpers/vite-7-beta-template/package.json,/npm-package-json/react-router-7.13.1/integration/helpers/vite-rolldown-template/package.json,/npm-package-json/react-router-7.13.1/integration/package.json",""
"@react-router/node,@vanilla-extract/vite-plugin,serialize-javascript",5,"/npm-package-json/react-router-7.13.1/integration/helpers/vite-5-template/package.json,/npm-package-json/react-router-7.13.1/integration/helpers/vite-6-template/package.json,/npm-package-json/react-router-7.13.1/integration/helpers/vite-7-beta-template/package.json,/npm-package-json/react-router-7.13.1/integration/helpers/vite-rolldown-template/package.json,/npm-package-json/react-router-7.13.1/integration/package.json",""
"@vanilla-extract/css,@vanilla-extract/vite-plugin,serialize-javascript",5,"/npm-package-json/react-router-7.13.1/integration/helpers/vite-5-template/package.json,/npm-package-json/react-router-7.13.1/integration/helpers/vite-6-template/package.json,/npm-package-json/react-router-7.13.1/integration/helpers/vite-7-beta-template/package.json,/npm-package-json/react-router-7.13.1/integration/helpers/vite-rolldown-template/package.json,/npm-package-json/react-router-7.13.1/integration/package.json",""
"@react-router/express,express,serialize-javascript",5,"/npm-package-json/react-router-7.13.1/integration/helpers/vite-5-template/package.json,/npm-package-json/react-router-7.13.1/integration/helpers/vite-6-template/package.json,/npm-package-json/react-router-7.13.1/integration/helpers/vite-7-beta-template/package.json,/npm-package-json/react-router-7.13.1/integration/helpers/vite-rolldown-template/package.json,/npm-package-json/react-router-7.13.1/integration/package.json",""
"@react-router/node,express,serialize-javascript",5,"/npm-package-json/react-router-7.13.1/integration/helpers/vite-5-template/package.json,/npm-package-json/react-router-7.13.1/integration/helpers/vite-6-template/package.json,/npm-package-json/react-router-7.13.1/integration/helpers/vite-7-beta-template/package.json,/npm-package-json/react-router-7.13.1/integration/helpers/vite-rolldown-template/package.json,/npm-package-json/react-router-7.13.1/integration/package.json",""
"@vanilla-extract/css,express,serialize-javascript",5,"/npm-package-json/react-router-7.13.1/integration/helpers/vite-5-template/package.json,/npm-package-json/react-router-7.13.1/integration/helpers/vite-6-template/package.json,/npm-package-json/react-router-7.13.1/integration/helpers/vite-7-beta-template/package.json,/npm-package-json/react-router-7.13.1/integration/helpers/vite-rolldown-template/package.json,/npm-package-json/react-router-7.13.1/integration/package.json",""
"@vanilla-extract/vite-plugin,express,serialize-javascript",5,"/npm-package-json/react-router-7.13.1/integration/helpers/vite-5-template/package.json,/npm-package-json/react-router-7.13.1/integration/helpers/vite-6-template/package.json,/npm-package-json/react-router-7.13.1/integration/helpers/vite-7-beta-template/package.json,/npm-package-json/react-router-7.13.1/integration/helpers/vite-rolldown-template/package.json,/npm-package-json/react-router-7.13.1/integration/package.json",""
"@react-router/express,isbot,serialize-javascript",5,"/npm-package-json/react-router-7.13.1/integration/helpers/vite-5-template/package.json,/npm-package-json/react-router-7.13.1/integration/helpers/vite-6-template/package.json,/npm-package-json/react-router-7.13.1/integration/helpers/vite-7-beta-template/package.json,/npm-package-json/react-router-7.13.1/integration/helpers/vite-rolldown-template/package.json,/npm-package-json/react-router-7.13.1/integration/package.json",""
"@react-router/node,isbot,serialize-javascript",5,"/npm-package-json/react-router-7.13.1/integration/helpers/vite-5-template/package.json,/npm-package-json/react-router-7.13.1/integration/helpers/vite-6-template/package.json,/npm-package-json/react-router-7.13.1/integration/helpers/vite-7-beta-template/package.json,/npm-package-json/react-router-7.13.1/integration/helpers/vite-rolldown-template/package.json,/npm-package-json/react-router-7.13.1/integration/package.json",""
"@vanilla-extract/css,isbot,serialize-javascript",5,"/npm-package-json/react-router-7.13.1/integration/helpers/vite-5-template/package.json,/npm-package-json/react-router-7.13.1/integration/helpers/vite-6-template/package.json,/npm-package-json/react-router-7.13.1/integration/helpers/vite-7-beta-template/package.json,/npm-package-json/react-router-7.13.1/integration/helpers/vite-rolldown-template/package.json,/npm-package-json/react-router-7.13.1/integration/package.json",""
"@vanilla-extract/vite-plugin,isbot,serialize-javascript",5,"/npm-package-json/react-router-7.13.1/integration/helpers/vite-5-template/package.json,/npm-package-json/react-router-7.13.1/integration/helpers/vite-6-template/package.json,/npm-package-json/react-router-7.13.1/integration/helpers/vite-7-beta-template/package.json,/npm-package-json/react-router-7.13.1/integration/helpers/vite-rolldown-template/package.json,/npm-package-json/react-router-7.13.1/integration/package.json",""
"@react-router/express,react,serialize-javascript",5,"/npm-package-json/react-router-7.13.1/integration/helpers/vite-5-template/package.json,/npm-package-json/react-router-7.13.1/integration/helpers/vite-6-template/package.json,/npm-package-json/react-router-7.13.1/integration/helpers/vite-7-beta-template/package.json,/npm-package-json/react-router-7.13.1/integration/helpers/vite-rolldown-template/package.json,/npm-package-json/react-router-7.13.1/integration/package.json",""
"@react-router/node,react,serialize-javascript",5,"/npm-package-json/react-router-7.13.1/integration/helpers/vite-5-template/package.json,/npm-package-json/react-router-7.13.1/integration/helpers/vite-6-template/package.json,/npm-package-json/react-router-7.13.1/integration/helpers/vite-7-beta-template/package.json,/npm-package-json/react-router-7.13.1/integration/helpers/vite-rolldown-template/package.json,/npm-package-json/react-router-7.13.1/integration/package.json",""
"@vanilla-extract/css,react,serialize-javascript",5,"/npm-package-json/react-router-7.13.1/integration/helpers/vite-5-template/package.json,/npm-package-json/react-router-7.13.1/integration/helpers/vite-6-template/package.json,/npm-package-json/react-router-7.13.1/integration/helpers/vite-7-beta-template/package.json,/npm-package-json/react-router-7.13.1/integration/helpers/vite-rolldown-template/package.json,/npm-package-json/react-router-7.13.1/integration/package.json",""
"@vanilla-extract/vite-plugin,react,serialize-javascript",5,"/npm-package-json/react-router-7.13.1/integration/helpers/vite-5-template/package.json,/npm-package-json/react-router-7.13.1/integration/helpers/vite-6-template/package.json,/npm-package-json/react-router-7.13.1/integration/helpers/vite-7-beta-template/package.json,/npm-package-json/react-router-7.13.1/integration/helpers/vite-rolldown-template/package.json,/npm-package-json/react-router-7.13.1/integration/package.json",""
"@react-router/express,react-dom,serialize-javascript",5,"/npm-package-json/react-router-7.13.1/integration/helpers/vite-5-template/package.json,/npm-package-json/react-router-7.13.1/integration/helpers/vite-6-template/package.json,/npm-package-json/react-router-7.13.1/integration/helpers/vite-7-beta-template/package.json,/npm-package-json/react-router-7.13.1/integration/helpers/vite-rolldown-template/package.json,/npm-package-json/react-router-7.13.1/integration/package.json",""
"@react-router/node,react-dom,serialize-javascript",5,"/npm-package-json/react-router-7.13.1/integration/helpers/vite-5-template/package.json,/npm-package-json/react-router-7.13.1/integration/helpers/vite-6-template/package.json,/npm-package-json/react-router-7.13.1/integration/helpers/vite-7-beta-template/package.json,/npm-package-json/react-router-7.13.1/integration/helpers/vite-rolldown-template/package.json,/npm-package-json/react-router-7.13.1/integration/package.json",""
"@vanilla-extract/css,react-dom,serialize-javascript",5,"/npm-package-json/react-router-7.13.1/integration/helpers/vite-5-template/package.json,/npm-package-json/react-router-7.13.1/integration/helpers/vite-6-template/package.json,/npm-package-json/react-router-7.13.1/integration/helpers/vite-7-beta-template/package.json,/npm-package-json/react-router-7.13.1/integration/helpers/vite-rolldown-template/package.json,/npm-package-json/react-router-7.13.1/integration/package.json",""
"@vanilla-extract/vite-plugin,react-dom,serialize-javascript",5,"/npm-package-json/react-router-7.13.1/integration/helpers/vite-5-template/package.json,/npm-package-json/react-router-7.13.1/integration/helpers/vite-6-template/package.json,/npm-package-json/react-router-7.13.1/integration/helpers/vite-7-beta-template/package.json,/npm-package-json/react-router-7.13.1/integration/helpers/vite-rolldown-template/package.json,/npm-package-json/react-router-7.13.1/integration/package.json",""
"@react-router/express,react-router,serialize-javascript",5,"/npm-package-json/react-router-7.13.1/integration/helpers/vite-5-template/package.json,/npm-package-json/react-router-7.13.1/integration/helpers/vite-6-template/package.json,/npm-package-json/react-router-7.13.1/integration/helpers/vite-7-beta-template/package.json,/npm-package-json/react-router-7.13.1/integration/helpers/vite-rolldown-template/package.json,/npm-package-json/react-router-7.13.1/integration/package.json",""
"@react-router/node,react-router,serialize-javascript",5,"/npm-package-json/react-router-7.13.1/integration/helpers/vite-5-template/package.json,/npm-package-json/react-router-7.13.1/integration/helpers/vite-6-template/package.json,/npm-package-json/react-router-7.13.1/integration/helpers/vite-7-beta-template/package.json,/npm-package-json/react-router-7.13.1/integration/helpers/vite-rolldown-template/package.json,/npm-package-json/react-router-7.13.1/integration/package.json",""
"@vanilla-extract/css,react-router,serialize-javascript",5,"/npm-package-json/react-router-7.13.1/integration/helpers/vite-5-template/package.json,/npm-package-json/react-router-7.13.1/integration/helpers/vite-6-template/package.json,/npm-package-json/react-router-7.13.1/integration/helpers/vite-7-beta-template/package.json,/npm-package-json/react-router-7.13.1/integration/helpers/vite-rolldown-template/package.json,/npm-package-json/react-router-7.13.1/integration/package.json",""
"@vanilla-extract/vite-plugin,react-router,serialize-javascript",5,"/npm-package-json/react-router-7.13.1/integration/helpers/vite-5-template/package.json,/npm-package-json/react-router-7.13.1/integration/helpers/vite-6-template/package.json,/npm-package-json/react-router-7.13.1/integration/helpers/vite-7-beta-template/package.json,/npm-package-json/react-router-7.13.1/integration/helpers/vite-rolldown-template/package.json,/npm-package-json/react-router-7.13.1/integration/package.json",""
"@mjackson/node-fetch-server,react",4,"/npm-package-json/react-router-7.13.1/integration/helpers/rsc-vite-framework/package.json,/npm-package-json/react-router-7.13.1/integration/helpers/rsc-vite/package.json,/npm-package-json/react-router-7.13.1/playground/rsc-vite-framework/package.json,/npm-package-json/react-router-7.13.1/playground/rsc-vite/package.json",""
"@mjackson/node-fetch-server,react-dom",4,"/npm-package-json/react-router-7.13.1/integration/helpers/rsc-vite-framework/package.json,/npm-package-json/react-router-7.13.1/integration/helpers/rsc-vite/package.json,/npm-package-json/react-router-7.13.1/playground/rsc-vite-framework/package.json,/npm-package-json/react-router-7.13.1/playground/rsc-vite/package.json",""
"@mjackson/node-fetch-server,react-router",4,"/npm-package-json/react-router-7.13.1/integration/helpers/rsc-vite-framework/package.json,/npm-package-json/react-router-7.13.1/integration/helpers/rsc-vite/package.json,/npm-package-json/react-router-7.13.1/playground/rsc-vite-framework/package.json,/npm-package-json/react-router-7.13.1/playground/rsc-vite/package.json",""
"@mjackson/node-fetch-server,react-server-dom-webpack",4,"/npm-package-json/react-router-7.13.1/integration/helpers/rsc-vite-framework/package.json,/npm-package-json/react-router-7.13.1/integration/helpers/rsc-vite/package.json,/npm-package-json/react-router-7.13.1/playground/rsc-vite-framework/package.json,/npm-package-json/react-router-7.13.1/playground/rsc-vite/package.json",""
"compression,react-server-dom-webpack",4,"/npm-package-json/react-router-7.13.1/integration/helpers/rsc-vite-framework/package.json,/npm-package-json/react-router-7.13.1/integration/helpers/rsc-vite/package.json,/npm-package-json/react-router-7.13.1/playground/rsc-vite-framework/package.json,/npm-package-json/react-router-7.13.1/playground/rsc-vite/package.json",""
"express,react-server-dom-webpack",4,"/npm-package-json/react-router-7.13.1/integration/helpers/rsc-vite-framework/package.json,/npm-package-json/react-router-7.13.1/integration/helpers/rsc-vite/package.json,/npm-package-json/react-router-7.13.1/playground/rsc-vite-framework/package.json,/npm-package-json/react-router-7.13.1/playground/rsc-vite/package.json",""
"react,react-server-dom-webpack",4,"/npm-package-json/react-router-7.13.1/integration/helpers/rsc-vite-framework/package.json,/npm-package-json/react-router-7.13.1/integration/helpers/rsc-vite/package.json,/npm-package-json/react-router-7.13.1/playground/rsc-vite-framework/package.json,/npm-package-json/react-router-7.13.1/playground/rsc-vite/package.json",""
"react-dom,react-server-dom-webpack",4,"/npm-package-json/react-router-7.13.1/integration/helpers/rsc-vite-framework/package.json,/npm-package-json/react-router-7.13.1/integration/helpers/rsc-vite/package.json,/npm-package-json/react-router-7.13.1/playground/rsc-vite-framework/package.json,/npm-package-json/react-router-7.13.1/playground/rsc-vite/package.json",""
"react-router,react-server-dom-webpack",4,"/npm-package-json/react-router-7.13.1/integration/helpers/rsc-vite-framework/package.json,/npm-package-json/react-router-7.13.1/integration/helpers/rsc-vite/package.json,/npm-package-json/react-router-7.13.1/playground/rsc-vite-framework/package.json,/npm-package-json/react-router-7.13.1/playground/rsc-vite/package.json",""
"@mjackson/node-fetch-server,compression,react",4,"/npm-package-json/react-router-7.13.1/integration/helpers/rsc-vite-framework/package.json,/npm-package-json/react-router-7.13.1/integration/helpers/rsc-vite/package.json,/npm-package-json/react-router-7.13.1/playground/rsc-vite-framework/package.json,/npm-package-json/react-router-7.13.1/playground/rsc-vite/package.json",""
"@mjackson/node-fetch-server,express,react",4,"/npm-package-json/react-router-7.13.1/integration/helpers/rsc-vite-framework/package.json,/npm-package-json/react-router-7.13.1/integration/helpers/rsc-vite/package.json,/npm-package-json/react-router-7.13.1/playground/rsc-vite-framework/package.json,/npm-package-json/react-router-7.13.1/playground/rsc-vite/package.json",""
"@mjackson/node-fetch-server,compression,react-dom",4,"/npm-package-json/react-router-7.13.1/integration/helpers/rsc-vite-framework/package.json,/npm-package-json/react-router-7.13.1/integration/helpers/rsc-vite/package.json,/npm-package-json/react-router-7.13.1/playground/rsc-vite-framework/package.json,/npm-package-json/react-router-7.13.1/playground/rsc-vite/package.json",""
"@mjackson/node-fetch-server,express,react-dom",4,"/npm-package-json/react-router-7.13.1/integration/helpers/rsc-vite-framework/package.json,/npm-package-json/react-router-7.13.1/integration/helpers/rsc-vite/package.json,/npm-package-json/react-router-7.13.1/playground/rsc-vite-framework/package.json,/npm-package-json/react-router-7.13.1/playground/rsc-vite/package.json",""
"@mjackson/node-fetch-server,react,react-dom",4,"/npm-package-json/react-router-7.13.1/integration/helpers/rsc-vite-framework/package.json,/npm-package-json/react-router-7.13.1/integration/helpers/rsc-vite/package.json,/npm-package-json/react-router-7.13.1/playground/rsc-vite-framework/package.json,/npm-package-json/react-router-7.13.1/playground/rsc-vite/package.json",""
"@mjackson/node-fetch-server,compression,react-router",4,"/npm-package-json/react-router-7.13.1/integration/helpers/rsc-vite-framework/package.json,/npm-package-json/react-router-7.13.1/integration/helpers/rsc-vite/package.json,/npm-package-json/react-router-7.13.1/playground/rsc-vite-framework/package.json,/npm-package-json/react-router-7.13.1/playground/rsc-vite/package.json",""
"@mjackson/node-fetch-server,express,react-router",4,"/npm-package-json/react-router-7.13.1/integration/helpers/rsc-vite-framework/package.json,/npm-package-json/react-router-7.13.1/integration/helpers/rsc-vite/package.json,/npm-package-json/react-router-7.13.1/playground/rsc-vite-framework/package.json,/npm-package-json/react-router-7.13.1/playground/rsc-vite/package.json",""
"@mjackson/node-fetch-server,react,react-router",4,"/npm-package-json/react-router-7.13.1/integration/helpers/rsc-vite-framework/package.json,/npm-package-json/react-router-7.13.1/integration/helpers/rsc-vite/package.json,/npm-package-json/react-router-7.13.1/playground/rsc-vite-framework/package.json,/npm-package-json/react-router-7.13.1/playground/rsc-vite/package.json",""
"@mjackson/node-fetch-server,react-dom,react-router",4,"/npm-package-json/react-router-7.13.1/integration/helpers/rsc-vite-framework/package.json,/npm-package-json/react-router-7.13.1/integration/helpers/rsc-vite/package.json,/npm-package-json/react-router-7.13.1/playground/rsc-vite-framework/package.json,/npm-package-json/react-router-7.13.1/playground/rsc-vite/package.json",""
"@mjackson/node-fetch-server,compression,react-server-dom-webpack",4,"/npm-package-json/react-router-7.13.1/integration/helpers/rsc-vite-framework/package.json,/npm-package-json/react-router-7.13.1/integration/helpers/rsc-vite/package.json,/npm-package-json/react-router-7.13.1/playground/rsc-vite-framework/package.json,/npm-package-json/react-router-7.13.1/playground/rsc-vite/package.json",""
"@mjackson/node-fetch-server,express,react-server-dom-webpack",4,"/npm-package-json/react-router-7.13.1/integration/helpers/rsc-vite-framework/package.json,/npm-package-json/react-router-7.13.1/integration/helpers/rsc-vite/package.json,/npm-package-json/react-router-7.13.1/playground/rsc-vite-framework/package.json,/npm-package-json/react-router-7.13.1/playground/rsc-vite/package.json",""
"compression,express,react-server-dom-webpack",4,"/npm-package-json/react-router-7.13.1/integration/helpers/rsc-vite-framework/package.json,/npm-package-json/react-router-7.13.1/integration/helpers/rsc-vite/package.json,/npm-package-json/react-router-7.13.1/playground/rsc-vite-framework/package.json,/npm-package-json/react-router-7.13.1/playground/rsc-vite/package.json",""
"@mjackson/node-fetch-server,react,react-server-dom-webpack",4,"/npm-package-json/react-router-7.13.1/integration/helpers/rsc-vite-framework/package.json,/npm-package-json/react-router-7.13.1/integration/helpers/rsc-vite/package.json,/npm-package-json/react-router-7.13.1/playground/rsc-vite-framework/package.json,/npm-package-json/react-router-7.13.1/playground/rsc-vite/package.json",""
"compression,react,react-server-dom-webpack",4,"/npm-package-json/react-router-7.13.1/integration/helpers/rsc-vite-framework/package.json,/npm-package-json/react-router-7.13.1/integration/helpers/rsc-vite/package.json,/npm-package-json/react-router-7.13.1/playground/rsc-vite-framework/package.json,/npm-package-json/react-router-7.13.1/playground/rsc-vite/package.json",""
"express,react,react-server-dom-webpack",4,"/npm-package-json/react-router-7.13.1/integration/helpers/rsc-vite-framework/package.json,/npm-package-json/react-router-7.13.1/integration/helpers/rsc-vite/package.json,/npm-package-json/react-router-7.13.1/playground/rsc-vite-framework/package.json,/npm-package-json/react-router-7.13.1/playground/rsc-vite/package.json",""
"@mjackson/node-fetch-server,react-dom,react-server-dom-webpack",4,"/npm-package-json/react-router-7.13.1/integration/helpers/rsc-vite-framework/package.json,/npm-package-json/react-router-7.13.1/integration/helpers/rsc-vite/package.json,/npm-package-json/react-router-7.13.1/playground/rsc-vite-framework/package.json,/npm-package-json/react-router-7.13.1/playground/rsc-vite/package.json",""
"compression,react-dom,react-server-dom-webpack",4,"/npm-package-json/react-router-7.13.1/integration/helpers/rsc-vite-framework/package.json,/npm-package-json/react-router-7.13.1/integration/helpers/rsc-vite/package.json,/npm-package-json/react-router-7.13.1/playground/rsc-vite-framework/package.json,/npm-package-json/react-router-7.13.1/playground/rsc-vite/package.json",""
"express,react-dom,react-server-dom-webpack",4,"/npm-package-json/react-router-7.13.1/integration/helpers/rsc-vite-framework/package.json,/npm-package-json/react-router-7.13.1/integration/helpers/rsc-vite/package.json,/npm-package-json/react-router-7.13.1/playground/rsc-vite-framework/package.json,/npm-package-json/react-router-7.13.1/playground/rsc-vite/package.json",""
"react,react-dom,react-server-dom-webpack",4,"/npm-package-json/react-router-7.13.1/integration/helpers/rsc-vite-framework/package.json,/npm-package-json/react-router-7.13.1/integration/helpers/rsc-vite/package.json,/npm-package-json/react-router-7.13.1/playground/rsc-vite-framework/package.json,/npm-package-json/react-router-7.13.1/playground/rsc-vite/package.json",""
"@mjackson/node-fetch-server,react-router,react-server-dom-webpack",4,"/npm-package-json/react-router-7.13.1/integration/helpers/rsc-vite-framework/package.json,/npm-package-json/react-router-7.13.1/integration/helpers/rsc-vite/package.json,/npm-package-json/react-router-7.13.1/playground/rsc-vite-framework/package.json,/npm-package-json/react-router-7.13.1/playground/rsc-vite/package.json",""
"compression,react-router,react-server-dom-webpack",4,"/npm-package-json/react-router-7.13.1/integration/helpers/rsc-vite-framework/package.json,/npm-package-json/react-router-7.13.1/integration/helpers/rsc-vite/package.json,/npm-package-json/react-router-7.13.1/playground/rsc-vite-framework/package.json,/npm-package-json/react-router-7.13.1/playground/rsc-vite/package.json",""
"express,react-router,react-server-dom-webpack",4,"/npm-package-json/react-router-7.13.1/integration/helpers/rsc-vite-framework/package.json,/npm-package-json/react-router-7.13.1/integration/helpers/rsc-vite/package.json,/npm-package-json/react-router-7.13.1/playground/rsc-vite-framework/package.json,/npm-package-json/react-router-7.13.1/playground/rsc-vite/package.json",""
"react,react-router,react-server-dom-webpack",4,"/npm-package-json/react-router-7.13.1/integration/helpers/rsc-vite-framework/package.json,/npm-package-json/react-router-7.13.1/integration/helpers/rsc-vite/package.json,/npm-package-json/react-router-7.13.1/playground/rsc-vite-framework/package.json,/npm-package-json/react-router-7.13.1/playground/rsc-vite/package.json",""
"react-dom,react-router,react-server-dom-webpack",4,"/npm-package-json/react-router-7.13.1/integration/helpers/rsc-vite-framework/package.json,/npm-package-json/react-router-7.13.1/integration/helpers/rsc-vite/package.json,/npm-package-json/react-router-7.13.1/playground/rsc-vite-framework/package.json,/npm-package-json/react-router-7.13.1/playground/rsc-vite/package.json",""
"@react-router/express,@react-router/serve",4,"/npm-package-json/react-router-7.13.1/integration/helpers/vite-5-template/package.json,/npm-package-json/react-router-7.13.1/integration/helpers/vite-6-template/package.json,/npm-package-json/react-router-7.13.1/integration/helpers/vite-7-beta-template/package.json,/npm-package-json/react-router-7.13.1/integration/helpers/vite-rolldown-template/package.json",""
"@react-router/serve,@vanilla-extract/css",4,"/npm-package-json/react-router-7.13.1/integration/helpers/vite-5-template/package.json,/npm-package-json/react-router-7.13.1/integration/helpers/vite-6-template/package.json,/npm-package-json/react-router-7.13.1/integration/helpers/vite-7-beta-template/package.json,/npm-package-json/react-router-7.13.1/integration/helpers/vite-rolldown-template/package.json",""
"@react-router/serve,@vanilla-extract/vite-plugin",4,"/npm-package-json/react-router-7.13.1/integration/helpers/vite-5-template/package.json,/npm-package-json/react-router-7.13.1/integration/helpers/vite-6-template/package.json,/npm-package-json/react-router-7.13.1/integration/helpers/vite-7-beta-template/package.json,/npm-package-json/react-router-7.13.1/integration/helpers/vite-rolldown-template/package.json",""
"@react-router/serve,serialize-javascript",4,"/npm-package-json/react-router-7.13.1/integration/helpers/vite-5-template/package.json,/npm-package-json/react-router-7.13.1/integration/helpers/vite-6-template/package.json,/npm-package-json/react-router-7.13.1/integration/helpers/vite-7-beta-template/package.json,/npm-package-json/react-router-7.13.1/integration/helpers/vite-rolldown-template/package.json",""
"@react-router/express,@react-router/node,@react-router/serve",4,"/npm-package-json/react-router-7.13.1/integration/helpers/vite-5-template/package.json,/npm-package-json/react-router-7.13.1/integration/helpers/vite-6-template/package.json,/npm-package-json/react-router-7.13.1/integration/helpers/vite-7-beta-template/package.json,/npm-package-json/react-router-7.13.1/integration/helpers/vite-rolldown-template/package.json",""
"@react-router/express,@react-router/serve,@vanilla-extract/css",4,"/npm-package-json/react-router-7.13.1/integration/helpers/vite-5-template/package.json,/npm-package-json/react-router-7.13.1/integration/helpers/vite-6-template/package.json,/npm-package-json/react-router-7.13.1/integration/helpers/vite-7-beta-template/package.json,/npm-package-json/react-router-7.13.1/integration/helpers/vite-rolldown-template/package.json",""
"@react-router/node,@react-router/serve,@vanilla-extract/css",4,"/npm-package-json/react-router-7.13.1/integration/helpers/vite-5-template/package.json,/npm-package-json/react-router-7.13.1/integration/helpers/vite-6-template/package.json,/npm-package-json/react-router-7.13.1/integration/helpers/vite-7-beta-template/package.json,/npm-package-json/react-router-7.13.1/integration/helpers/vite-rolldown-template/package.json",""
"@react-router/express,@react-router/serve,@vanilla-extract/vite-plugin",4,"/npm-package-json/react-router-7.13.1/integration/helpers/vite-5-template/package.json,/npm-package-json/react-router-7.13.1/integration/helpers/vite-6-template/package.json,/npm-package-json/react-router-7.13.1/integration/helpers/vite-7-beta-template/package.json,/npm-package-json/react-router-7.13.1/integration/helpers/vite-rolldown-template/package.json",""
"@react-router/node,@react-router/serve,@vanilla-extract/vite-plugin",4,"/npm-package-json/react-router-7.13.1/integration/helpers/vite-5-template/package.json,/npm-package-json/react-router-7.13.1/integration/helpers/vite-6-template/package.json,/npm-package-json/react-router-7.13.1/integration/helpers/vite-7-beta-template/package.json,/npm-package-json/react-router-7.13.1/integration/helpers/vite-rolldown-template/package.json",""
"@react-router/serve,@vanilla-extract/css,@vanilla-extract/vite-plugin",4,"/npm-package-json/react-router-7.13.1/integration/helpers/vite-5-template/package.json,/npm-package-json/react-router-7.13.1/integration/helpers/vite-6-template/package.json,/npm-package-json/react-router-7.13.1/integration/helpers/vite-7-beta-template/package.json,/npm-package-json/react-router-7.13.1/integration/helpers/vite-rolldown-template/package.json",""
"@react-router/express,@react-router/serve,express",4,"/npm-package-json/react-router-7.13.1/integration/helpers/vite-5-template/package.json,/npm-package-json/react-router-7.13.1/integration/helpers/vite-6-template/package.json,/npm-package-json/react-router-7.13.1/integration/helpers/vite-7-beta-template/package.json,/npm-package-json/react-router-7.13.1/integration/helpers/vite-rolldown-template/package.json",""
"@react-router/node,@react-router/serve,express",4,"/npm-package-json/react-router-7.13.1/integration/helpers/vite-5-template/package.json,/npm-package-json/react-router-7.13.1/integration/helpers/vite-6-template/package.json,/npm-package-json/react-router-7.13.1/integration/helpers/vite-7-beta-template/package.json,/npm-package-json/react-router-7.13.1/integration/helpers/vite-rolldown-template/package.json",""
"@react-router/serve,@vanilla-extract/css,express",4,"/npm-package-json/react-router-7.13.1/integration/helpers/vite-5-template/package.json,/npm-package-json/react-router-7.13.1/integration/helpers/vite-6-template/package.json,/npm-package-json/react-router-7.13.1/integration/helpers/vite-7-beta-template/package.json,/npm-package-json/react-router-7.13.1/integration/helpers/vite-rolldown-template/package.json",""
"@react-router/serve,@vanilla-extract/vite-plugin,express",4,"/npm-package-json/react-router-7.13.1/integration/helpers/vite-5-template/package.json,/npm-package-json/react-router-7.13.1/integration/helpers/vite-6-template/package.json,/npm-package-json/react-router-7.13.1/integration/helpers/vite-7-beta-template/package.json,/npm-package-json/react-router-7.13.1/integration/helpers/vite-rolldown-template/package.json",""
"@react-router/express,@react-router/serve,isbot",4,"/npm-package-json/react-router-7.13.1/integration/helpers/vite-5-template/package.json,/npm-package-json/react-router-7.13.1/integration/helpers/vite-6-template/package.json,/npm-package-json/react-router-7.13.1/integration/helpers/vite-7-beta-template/package.json,/npm-package-json/react-router-7.13.1/integration/helpers/vite-rolldown-template/package.json",""
"@react-router/serve,@vanilla-extract/css,isbot",4,"/npm-package-json/react-router-7.13.1/integration/helpers/vite-5-template/package.json,/npm-package-json/react-router-7.13.1/integration/helpers/vite-6-template/package.json,/npm-package-json/react-router-7.13.1/integration/helpers/vite-7-beta-template/package.json,/npm-package-json/react-router-7.13.1/integration/helpers/vite-rolldown-template/package.json",""
"@react-router/serve,@vanilla-extract/vite-plugin,isbot",4,"/npm-package-json/react-router-7.13.1/integration/helpers/vite-5-template/package.json,/npm-package-json/react-router-7.13.1/integration/helpers/vite-6-template/package.json,/npm-package-json/react-router-7.13.1/integration/helpers/vite-7-beta-template/package.json,/npm-package-json/react-router-7.13.1/integration/helpers/vite-rolldown-template/package.json",""
"@react-router/serve,express,isbot",4,"/npm-package-json/react-router-7.13.1/integration/helpers/vite-5-template/package.json,/npm-package-json/react-router-7.13.1/integration/helpers/vite-6-template/package.json,/npm-package-json/react-router-7.13.1/integration/helpers/vite-7-beta-template/package.json,/npm-package-json/react-router-7.13.1/integration/helpers/vite-rolldown-template/package.json",""
"@react-router/express,@react-router/serve,react",4,"/npm-package-json/react-router-7.13.1/integration/helpers/vite-5-template/package.json,/npm-package-json/react-router-7.13.1/integration/helpers/vite-6-template/package.json,/npm-package-json/react-router-7.13.1/integration/helpers/vite-7-beta-template/package.json,/npm-package-json/react-router-7.13.1/integration/helpers/vite-rolldown-template/package.json",""
"@react-router/serve,@vanilla-extract/css,react",4,"/npm-package-json/react-router-7.13.1/integration/helpers/vite-5-template/package.json,/npm-package-json/react-router-7.13.1/integration/helpers/vite-6-template/package.json,/npm-package-json/react-router-7.13.1/integration/helpers/vite-7-beta-template/package.json,/npm-package-json/react-router-7.13.1/integration/helpers/vite-rolldown-template/package.json",""
"@react-router/serve,@vanilla-extract/vite-plugin,react",4,"/npm-package-json/react-router-7.13.1/integration/helpers/vite-5-template/package.json,/npm-package-json/react-router-7.13.1/integration/helpers/vite-6-template/package.json,/npm-package-json/react-router-7.13.1/integration/helpers/vite-7-beta-template/package.json,/npm-package-json/react-router-7.13.1/integration/helpers/vite-rolldown-template/package.json",""
"@react-router/express,@react-router/serve,react-dom",4,"/npm-package-json/react-router-7.13.1/integration/helpers/vite-5-template/package.json,/npm-package-json/react-router-7.13.1/integration/helpers/vite-6-template/package.json,/npm-package-json/react-router-7.13.1/integration/helpers/vite-7-beta-template/package.json,/npm-package-json/react-router-7.13.1/integration/helpers/vite-rolldown-template/package.json",""
"@react-router/serve,@vanilla-extract/css,react-dom",4,"/npm-package-json/react-router-7.13.1/integration/helpers/vite-5-template/package.json,/npm-package-json/react-router-7.13.1/integration/helpers/vite-6-template/package.json,/npm-package-json/react-router-7.13.1/integration/helpers/vite-7-beta-template/package.json,/npm-package-json/react-router-7.13.1/integration/helpers/vite-rolldown-template/package.json",""
"@react-router/serve,@vanilla-extract/vite-plugin,react-dom",4,"/npm-package-json/react-router-7.13.1/integration/helpers/vite-5-template/package.json,/npm-package-json/react-router-7.13.1/integration/helpers/vite-6-template/package.json,/npm-package-json/react-router-7.13.1/integration/helpers/vite-7-beta-template/package.json,/npm-package-json/react-router-7.13.1/integration/helpers/vite-rolldown-template/package.json",""
"@react-router/express,@react-router/serve,react-router",4,"/npm-package-json/react-router-7.13.1/integration/helpers/vite-5-template/package.json,/npm-package-json/react-router-7.13.1/integration/helpers/vite-6-template/package.json,/npm-package-json/react-router-7.13.1/integration/helpers/vite-7-beta-template/package.json,/npm-package-json/react-router-7.13.1/integration/helpers/vite-rolldown-template/package.json",""
"@react-router/serve,@vanilla-extract/css,react-router",4,"/npm-package-json/react-router-7.13.1/integration/helpers/vite-5-template/package.json,/npm-package-json/react-router-7.13.1/integration/helpers/vite-6-template/package.json,/npm-package-json/react-router-7.13.1/integration/helpers/vite-7-beta-template/package.json,/npm-package-json/react-router-7.13.1/integration/helpers/vite-rolldown-template/package.json",""
"@react-router/serve,@vanilla-extract/vite-plugin,react-router",4,"/npm-package-json/react-router-7.13.1/integration/helpers/vite-5-template/package.json,/npm-package-json/react-router-7.13.1/integration/helpers/vite-6-template/package.json,/npm-package-json/react-router-7.13.1/integration/helpers/vite-7-beta-template/package.json,/npm-package-json/react-router-7.13.1/integration/helpers/vite-rolldown-template/package.json",""
"@react-router/express,@react-router/serve,serialize-javascript",4,"/npm-package-json/react-router-7.13.1/integration/helpers/vite-5-template/package.json,/npm-package-json/react-router-7.13.1/integration/helpers/vite-6-template/package.json,/npm-package-json/react-router-7.13.1/integration/helpers/vite-7-beta-template/package.json,/npm-package-json/react-router-7.13.1/integration/helpers/vite-rolldown-template/package.json",""
"@react-router/node,@react-router/serve,serialize-javascript",4,"/npm-package-json/react-router-7.13.1/integration/helpers/vite-5-template/package.json,/npm-package-json/react-router-7.13.1/integration/helpers/vite-6-template/package.json,/npm-package-json/react-router-7.13.1/integration/helpers/vite-7-beta-template/package.json,/npm-package-json/react-router-7.13.1/integration/helpers/vite-rolldown-template/package.json",""
"@react-router/serve,@vanilla-extract/css,serialize-javascript",4,"/npm-package-json/react-router-7.13.1/integration/helpers/vite-5-template/package.json,/npm-package-json/react-router-7.13.1/integration/helpers/vite-6-template/package.json,/npm-package-json/react-router-7.13.1/integration/helpers/vite-7-beta-template/package.json,/npm-package-json/react-router-7.13.1/integration/helpers/vite-rolldown-template/package.json",""
"@react-router/serve,@vanilla-extract/vite-plugin,serialize-javascript",4,"/npm-package-json/react-router-7.13.1/integration/helpers/vite-5-template/package.json,/npm-package-json/react-router-7.13.1/integration/helpers/vite-6-template/package.json,/npm-package-json/react-router-7.13.1/integration/helpers/vite-7-beta-template/package.json,/npm-package-json/react-router-7.13.1/integration/helpers/vite-rolldown-template/package.json",""
"@react-router/serve,express,serialize-javascript",4,"/npm-package-json/react-router-7.13.1/integration/helpers/vite-5-template/package.json,/npm-package-json/react-router-7.13.1/integration/helpers/vite-6-template/package.json,/npm-package-json/react-router-7.13.1/integration/helpers/vite-7-beta-template/package.json,/npm-package-json/react-router-7.13.1/integration/helpers/vite-rolldown-template/package.json",""
"@react-router/serve,isbot,serialize-javascript",4,"/npm-package-json/react-router-7.13.1/integration/helpers/vite-5-template/package.json,/npm-package-json/react-router-7.13.1/integration/helpers/vite-6-template/package.json,/npm-package-json/react-router-7.13.1/integration/helpers/vite-7-beta-template/package.json,/npm-package-json/react-router-7.13.1/integration/helpers/vite-rolldown-template/package.json",""
"@react-router/serve,react,serialize-javascript",4,"/npm-package-json/react-router-7.13.1/integration/helpers/vite-5-template/package.json,/npm-package-json/react-router-7.13.1/integration/helpers/vite-6-template/package.json,/npm-package-json/react-router-7.13.1/integration/helpers/vite-7-beta-template/package.json,/npm-package-json/react-router-7.13.1/integration/helpers/vite-rolldown-template/package.json",""
"@react-router/serve,react-dom,serialize-javascript",4,"/npm-package-json/react-router-7.13.1/integration/helpers/vite-5-template/package.json,/npm-package-json/react-router-7.13.1/integration/helpers/vite-6-template/package.json,/npm-package-json/react-router-7.13.1/integration/helpers/vite-7-beta-template/package.json,/npm-package-json/react-router-7.13.1/integration/helpers/vite-rolldown-template/package.json",""
"@react-router/serve,react-router,serialize-javascript",4,"/npm-package-json/react-router-7.13.1/integration/helpers/vite-5-template/package.json,/npm-package-json/react-router-7.13.1/integration/helpers/vite-6-template/package.json,/npm-package-json/react-router-7.13.1/integration/helpers/vite-7-beta-template/package.json,/npm-package-json/react-router-7.13.1/integration/helpers/vite-rolldown-template/package.json",""
"compression,react-router-dom",3,"/npm-package-json/react-router-7.13.1/examples/multi-app/package.json,/npm-package-json/react-router-7.13.1/examples/ssr-data-router/package.json,/npm-package-json/react-router-7.13.1/examples/ssr/package.json",""
"cross-env,react-router-dom",3,"/npm-package-json/react-router-7.13.1/examples/multi-app/package.json,/npm-package-json/react-router-7.13.1/examples/ssr-data-router/package.json,/npm-package-json/react-router-7.13.1/examples/ssr/package.json",""
"express,react-router-dom",3,"/npm-package-json/react-router-7.13.1/examples/multi-app/package.json,/npm-package-json/react-router-7.13.1/examples/ssr-data-router/package.json,/npm-package-json/react-router-7.13.1/examples/ssr/package.json",""
"compression,cross-env,react-router-dom",3,"/npm-package-json/react-router-7.13.1/examples/multi-app/package.json,/npm-package-json/react-router-7.13.1/examples/ssr-data-router/package.json,/npm-package-json/react-router-7.13.1/examples/ssr/package.json",""
"compression,express,react-router-dom",3,"/npm-package-json/react-router-7.13.1/examples/multi-app/package.json,/npm-package-json/react-router-7.13.1/examples/ssr-data-router/package.json,/npm-package-json/react-router-7.13.1/examples/ssr/package.json",""
"cross-env,express,react-router-dom",3,"/npm-package-json/react-router-7.13.1/examples/multi-app/package.json,/npm-package-json/react-router-7.13.1/examples/ssr-data-router/package.json,/npm-package-json/react-router-7.13.1/examples/ssr/package.json",""
"compression,react,react-router-dom",3,"/npm-package-json/react-router-7.13.1/examples/multi-app/package.json,/npm-package-json/react-router-7.13.1/examples/ssr-data-router/package.json,/npm-package-json/react-router-7.13.1/examples/ssr/package.json",""
"cross-env,react,react-router-dom",3,"/npm-package-json/react-router-7.13.1/examples/multi-app/package.json,/npm-package-json/react-router-7.13.1/examples/ssr-data-router/package.json,/npm-package-json/react-router-7.13.1/examples/ssr/package.json",""
"express,react,react-router-dom",3,"/npm-package-json/react-router-7.13.1/examples/multi-app/package.json,/npm-package-json/react-router-7.13.1/examples/ssr-data-router/package.json,/npm-package-json/react-router-7.13.1/examples/ssr/package.json",""
"compression,react-dom,react-router-dom",3,"/npm-package-json/react-router-7.13.1/examples/multi-app/package.json,/npm-package-json/react-router-7.13.1/examples/ssr-data-router/package.json,/npm-package-json/react-router-7.13.1/examples/ssr/package.json",""
"cross-env,react-dom,react-router-dom",3,"/npm-package-json/react-router-7.13.1/examples/multi-app/package.json,/npm-package-json/react-router-7.13.1/examples/ssr-data-router/package.json,/npm-package-json/react-router-7.13.1/examples/ssr/package.json",""
"express,react-dom,react-router-dom",3,"/npm-package-json/react-router-7.13.1/examples/multi-app/package.json,/npm-package-json/react-router-7.13.1/examples/ssr-data-router/package.json,/npm-package-json/react-router-7.13.1/examples/ssr/package.json",""
"cross-env,react-router",3,"/npm-package-json/react-router-7.13.1/integration/helpers/rsc-vite/package.json,/npm-package-json/react-router-7.13.1/playground/framework-rolldown-vite/package.json,/npm-package-json/react-router-7.13.1/playground/middleware/package.json",""
"cross-env,react,react-router",3,"/npm-package-json/react-router-7.13.1/integration/helpers/rsc-vite/package.json,/npm-package-json/react-router-7.13.1/playground/framework-rolldown-vite/package.json,/npm-package-json/react-router-7.13.1/playground/middleware/package.json",""
"cross-env,react-dom,react-router",3,"/npm-package-json/react-router-7.13.1/integration/helpers/rsc-vite/package.json,/npm-package-json/react-router-7.13.1/playground/framework-rolldown-vite/package.json,/npm-package-json/react-router-7.13.1/playground/middleware/package.json",""
"isbot,prettier",3,"/npm-package-json/react-router-7.13.1/integration/package.json,/npm-package-json/react-router-7.13.1/package.json,/npm-package-json/react-router-7.13.1/packages/react-router-dev/package.json",""
"isbot,semver",3,"/npm-package-json/react-router-7.13.1/integration/package.json,/npm-package-json/react-router-7.13.1/package.json,/npm-package-json/react-router-7.13.1/packages/react-router-dev/package.json",""
"prettier,semver",3,"/npm-package-json/react-router-7.13.1/integration/package.json,/npm-package-json/react-router-7.13.1/package.json,/npm-package-json/react-router-7.13.1/packages/react-router-dev/package.json",""
"isbot,prettier,semver",3,"/npm-package-json/react-router-7.13.1/integration/package.json,/npm-package-json/react-router-7.13.1/package.json,/npm-package-json/react-router-7.13.1/packages/react-router-dev/package.json",""
"@react-router/express,compression",3,"/npm-package-json/react-router-7.13.1/packages/react-router-serve/package.json,/npm-package-json/react-router-7.13.1/playground/framework-express/package.json,/npm-package-json/react-router-7.13.1/playground/middleware/package.json",""
"@react-router/node,compression",3,"/npm-package-json/react-router-7.13.1/packages/react-router-serve/package.json,/npm-package-json/react-router-7.13.1/playground/framework-express/package.json,/npm-package-json/react-router-7.13.1/playground/middleware/package.json",""
"@react-router/express,morgan",3,"/npm-package-json/react-router-7.13.1/packages/react-router-serve/package.json,/npm-package-json/react-router-7.13.1/playground/framework-express/package.json,/npm-package-json/react-router-7.13.1/playground/middleware/package.json",""
"@react-router/node,morgan",3,"/npm-package-json/react-router-7.13.1/packages/react-router-serve/package.json,/npm-package-json/react-router-7.13.1/playground/framework-express/package.json,/npm-package-json/react-router-7.13.1/playground/middleware/package.json",""
"compression,morgan",3,"/npm-package-json/react-router-7.13.1/packages/react-router-serve/package.json,/npm-package-json/react-router-7.13.1/playground/framework-express/package.json,/npm-package-json/react-router-7.13.1/playground/middleware/package.json",""
"express,morgan",3,"/npm-package-json/react-router-7.13.1/packages/react-router-serve/package.json,/npm-package-json/react-router-7.13.1/playground/framework-express/package.json,/npm-package-json/react-router-7.13.1/playground/middleware/package.json",""
"@react-router/express,@react-router/node,compression",3,"/npm-package-json/react-router-7.13.1/packages/react-router-serve/package.json,/npm-package-json/react-router-7.13.1/playground/framework-express/package.json,/npm-package-json/react-router-7.13.1/playground/middleware/package.json",""
"@react-router/express,compression,express",3,"/npm-package-json/react-router-7.13.1/packages/react-router-serve/package.json,/npm-package-json/react-router-7.13.1/playground/framework-express/package.json,/npm-package-json/react-router-7.13.1/playground/middleware/package.json",""
"@react-router/node,compression,express",3,"/npm-package-json/react-router-7.13.1/packages/react-router-serve/package.json,/npm-package-json/react-router-7.13.1/playground/framework-express/package.json,/npm-package-json/react-router-7.13.1/playground/middleware/package.json",""
"@react-router/express,@react-router/node,morgan",3,"/npm-package-json/react-router-7.13.1/packages/react-router-serve/package.json,/npm-package-json/react-router-7.13.1/playground/framework-express/package.json,/npm-package-json/react-router-7.13.1/playground/middleware/package.json",""
"@react-router/express,compression,morgan",3,"/npm-package-json/react-router-7.13.1/packages/react-router-serve/package.json,/npm-package-json/react-router-7.13.1/playground/framework-express/package.json,/npm-package-json/react-router-7.13.1/playground/middleware/package.json",""
"@react-router/node,compression,morgan",3,"/npm-package-json/react-router-7.13.1/packages/react-router-serve/package.json,/npm-package-json/react-router-7.13.1/playground/framework-express/package.json,/npm-package-json/react-router-7.13.1/playground/middleware/package.json",""
"@react-router/express,express,morgan",3,"/npm-package-json/react-router-7.13.1/packages/react-router-serve/package.json,/npm-package-json/react-router-7.13.1/playground/framework-express/package.json,/npm-package-json/react-router-7.13.1/playground/middleware/package.json",""
"@react-router/node,express,morgan",3,"/npm-package-json/react-router-7.13.1/packages/react-router-serve/package.json,/npm-package-json/react-router-7.13.1/playground/framework-express/package.json,/npm-package-json/react-router-7.13.1/playground/middleware/package.json",""
"compression,express,morgan",3,"/npm-package-json/react-router-7.13.1/packages/react-router-serve/package.json,/npm-package-json/react-router-7.13.1/playground/framework-express/package.json,/npm-package-json/react-router-7.13.1/playground/middleware/package.json",""
"@reach/dialog,react",2,"/npm-package-json/react-router-7.13.1/examples/modal-route-with-outlet/package.json,/npm-package-json/react-router-7.13.1/examples/modal/package.json",""
"@reach/dialog,react-dom",2,"/npm-package-json/react-router-7.13.1/examples/modal-route-with-outlet/package.json,/npm-package-json/react-router-7.13.1/examples/modal/package.json",""
"@reach/dialog,react-router-dom",2,"/npm-package-json/react-router-7.13.1/examples/modal-route-with-outlet/package.json,/npm-package-json/react-router-7.13.1/examples/modal/package.json",""
"@reach/dialog,react,react-dom",2,"/npm-package-json/react-router-7.13.1/examples/modal-route-with-outlet/package.json,/npm-package-json/react-router-7.13.1/examples/modal/package.json",""
"@reach/dialog,react,react-router-dom",2,"/npm-package-json/react-router-7.13.1/examples/modal-route-with-outlet/package.json,/npm-package-json/react-router-7.13.1/examples/modal/package.json",""
"@reach/dialog,react-dom,react-router-dom",2,"/npm-package-json/react-router-7.13.1/examples/modal-route-with-outlet/package.json,/npm-package-json/react-router-7.13.1/examples/modal/package.json",""
"compression,cross-env,react-router",2,"/npm-package-json/react-router-7.13.1/integration/helpers/rsc-vite/package.json,/npm-package-json/react-router-7.13.1/playground/middleware/package.json",""
"cross-env,express,react-router",2,"/npm-package-json/react-router-7.13.1/integration/helpers/rsc-vite/package.json,/npm-package-json/react-router-7.13.1/playground/middleware/package.json",""
"@mdx-js/rollup,@playwright/test",2,"/npm-package-json/react-router-7.13.1/integration/package.json,/npm-package-json/react-router-7.13.1/package.json",""
"@react-router/node,dedent",2,"/npm-package-json/react-router-7.13.1/integration/package.json,/npm-package-json/react-router-7.13.1/packages/react-router-dev/package.json",""
"@react-router/express,get-port",2,"/npm-package-json/react-router-7.13.1/integration/package.json,/npm-package-json/react-router-7.13.1/packages/react-router-serve/package.json",""
"@react-router/node,get-port",2,"/npm-package-json/react-router-7.13.1/integration/package.json,/npm-package-json/react-router-7.13.1/packages/react-router-serve/package.json",""
"express,get-port",2,"/npm-package-json/react-router-7.13.1/integration/package.json,/npm-package-json/react-router-7.13.1/packages/react-router-serve/package.json",""
"@mdx-js/rollup,isbot",2,"/npm-package-json/react-router-7.13.1/integration/package.json,/npm-package-json/react-router-7.13.1/package.json",""
"@playwright/test,isbot",2,"/npm-package-json/react-router-7.13.1/integration/package.json,/npm-package-json/react-router-7.13.1/package.json",""
"dedent,isbot",2,"/npm-package-json/react-router-7.13.1/integration/package.json,/npm-package-json/react-router-7.13.1/packages/react-router-dev/package.json",""
"@react-router/node,pathe",2,"/npm-package-json/react-router-7.13.1/integration/package.json,/npm-package-json/react-router-7.13.1/packages/react-router-dev/package.json",""
"dedent,pathe",2,"/npm-package-json/react-router-7.13.1/integration/package.json,/npm-package-json/react-router-7.13.1/packages/react-router-dev/package.json",""
"isbot,pathe",2,"/npm-package-json/react-router-7.13.1/integration/package.json,/npm-package-json/react-router-7.13.1/packages/react-router-dev/package.json",""
"@mdx-js/rollup,prettier",2,"/npm-package-json/react-router-7.13.1/integration/package.json,/npm-package-json/react-router-7.13.1/package.json",""
"@playwright/test,prettier",2,"/npm-package-json/react-router-7.13.1/integration/package.json,/npm-package-json/react-router-7.13.1/package.json",""
"@react-router/node,prettier",2,"/npm-package-json/react-router-7.13.1/integration/package.json,/npm-package-json/react-router-7.13.1/packages/react-router-dev/package.json",""
"dedent,prettier",2,"/npm-package-json/react-router-7.13.1/integration/package.json,/npm-package-json/react-router-7.13.1/packages/react-router-dev/package.json",""
"pathe,prettier",2,"/npm-package-json/react-router-7.13.1/integration/package.json,/npm-package-json/react-router-7.13.1/packages/react-router-dev/package.json",""
"@mdx-js/rollup,semver",2,"/npm-package-json/react-router-7.13.1/integration/package.json,/npm-package-json/react-router-7.13.1/package.json",""
"@playwright/test,semver",2,"/npm-package-json/react-router-7.13.1/integration/package.json,/npm-package-json/react-router-7.13.1/package.json",""
"@react-router/node,semver",2,"/npm-package-json/react-router-7.13.1/integration/package.json,/npm-package-json/react-router-7.13.1/packages/react-router-dev/package.json",""
"dedent,semver",2,"/npm-package-json/react-router-7.13.1/integration/package.json,/npm-package-json/react-router-7.13.1/packages/react-router-dev/package.json",""
"execa,semver",2,"/npm-package-json/react-router-7.13.1/integration/package.json,/npm-package-json/react-router-7.13.1/packages/create-react-router/package.json",""
"pathe,semver",2,"/npm-package-json/react-router-7.13.1/integration/package.json,/npm-package-json/react-router-7.13.1/packages/react-router-dev/package.json",""
"execa,strip-ansi",2,"/npm-package-json/react-router-7.13.1/integration/package.json,/npm-package-json/react-router-7.13.1/packages/create-react-router/package.json",""
"semver,strip-ansi",2,"/npm-package-json/react-router-7.13.1/integration/package.json,/npm-package-json/react-router-7.13.1/packages/create-react-router/package.json",""
"@mdx-js/rollup,typescript",2,"/npm-package-json/react-router-7.13.1/integration/package.json,/npm-package-json/react-router-7.13.1/package.json",""
"@playwright/test,typescript",2,"/npm-package-json/react-router-7.13.1/integration/package.json,/npm-package-json/react-router-7.13.1/package.json",""
"isbot,typescript",2,"/npm-package-json/react-router-7.13.1/integration/package.json,/npm-package-json/react-router-7.13.1/package.json",""
"prettier,typescript",2,"/npm-package-json/react-router-7.13.1/integration/package.json,/npm-package-json/react-router-7.13.1/package.json",""
"semver,typescript",2,"/npm-package-json/react-router-7.13.1/integration/package.json,/npm-package-json/react-router-7.13.1/package.json",""
"@mdx-js/rollup,vite",2,"/npm-package-json/react-router-7.13.1/integration/package.json,/npm-package-json/react-router-7.13.1/package.json",""
"@playwright/test,vite",2,"/npm-package-json/react-router-7.13.1/integration/package.json,/npm-package-json/react-router-7.13.1/package.json",""
"isbot,vite",2,"/npm-package-json/react-router-7.13.1/integration/package.json,/npm-package-json/react-router-7.13.1/package.json",""
"prettier,vite",2,"/npm-package-json/react-router-7.13.1/integration/package.json,/npm-package-json/react-router-7.13.1/package.json",""
"semver,vite",2,"/npm-package-json/react-router-7.13.1/integration/package.json,/npm-package-json/react-router-7.13.1/package.json",""
"typescript,vite",2,"/npm-package-json/react-router-7.13.1/integration/package.json,/npm-package-json/react-router-7.13.1/package.json",""
"@react-router/express,@react-router/node,get-port",2,"/npm-package-json/react-router-7.13.1/integration/package.json,/npm-package-json/react-router-7.13.1/packages/react-router-serve/package.json",""
"@react-router/express,express,get-port",2,"/npm-package-json/react-router-7.13.1/integration/package.json,/npm-package-json/react-router-7.13.1/packages/react-router-serve/package.json",""
"@react-router/node,express,get-port",2,"/npm-package-json/react-router-7.13.1/integration/package.json,/npm-package-json/react-router-7.13.1/packages/react-router-serve/package.json",""
"@mdx-js/rollup,@playwright/test,isbot",2,"/npm-package-json/react-router-7.13.1/integration/package.json,/npm-package-json/react-router-7.13.1/package.json",""
"@react-router/node,dedent,isbot",2,"/npm-package-json/react-router-7.13.1/integration/package.json,/npm-package-json/react-router-7.13.1/packages/react-router-dev/package.json",""
"@react-router/node,dedent,pathe",2,"/npm-package-json/react-router-7.13.1/integration/package.json,/npm-package-json/react-router-7.13.1/packages/react-router-dev/package.json",""
"@react-router/node,isbot,pathe",2,"/npm-package-json/react-router-7.13.1/integration/package.json,/npm-package-json/react-router-7.13.1/packages/react-router-dev/package.json",""
"dedent,isbot,pathe",2,"/npm-package-json/react-router-7.13.1/integration/package.json,/npm-package-json/react-router-7.13.1/packages/react-router-dev/package.json",""
"@mdx-js/rollup,@playwright/test,prettier",2,"/npm-package-json/react-router-7.13.1/integration/package.json,/npm-package-json/react-router-7.13.1/package.json",""
"@react-router/node,dedent,prettier",2,"/npm-package-json/react-router-7.13.1/integration/package.json,/npm-package-json/react-router-7.13.1/packages/react-router-dev/package.json",""
"@mdx-js/rollup,isbot,prettier",2,"/npm-package-json/react-router-7.13.1/integration/package.json,/npm-package-json/react-router-7.13.1/package.json",""
"@playwright/test,isbot,prettier",2,"/npm-package-json/react-router-7.13.1/integration/package.json,/npm-package-json/react-router-7.13.1/package.json",""
"@react-router/node,isbot,prettier",2,"/npm-package-json/react-router-7.13.1/integration/package.json,/npm-package-json/react-router-7.13.1/packages/react-router-dev/package.json",""
"dedent,isbot,prettier",2,"/npm-package-json/react-router-7.13.1/integration/package.json,/npm-package-json/react-router-7.13.1/packages/react-router-dev/package.json",""
"@react-router/node,pathe,prettier",2,"/npm-package-json/react-router-7.13.1/integration/package.json,/npm-package-json/react-router-7.13.1/packages/react-router-dev/package.json",""
"dedent,pathe,prettier",2,"/npm-package-json/react-router-7.13.1/integration/package.json,/npm-package-json/react-router-7.13.1/packages/react-router-dev/package.json",""
"isbot,pathe,prettier",2,"/npm-package-json/react-router-7.13.1/integration/package.json,/npm-package-json/react-router-7.13.1/packages/react-router-dev/package.json",""
"@mdx-js/rollup,@playwright/test,semver",2,"/npm-package-json/react-router-7.13.1/integration/package.json,/npm-package-json/react-router-7.13.1/package.json",""
"@react-router/node,dedent,semver",2,"/npm-package-json/react-router-7.13.1/integration/package.json,/npm-package-json/react-router-7.13.1/packages/react-router-dev/package.json",""
"@mdx-js/rollup,isbot,semver",2,"/npm-package-json/react-router-7.13.1/integration/package.json,/npm-package-json/react-router-7.13.1/package.json",""
"@playwright/test,isbot,semver",2,"/npm-package-json/react-router-7.13.1/integration/package.json,/npm-package-json/react-router-7.13.1/package.json",""
"@react-router/node,isbot,semver",2,"/npm-package-json/react-router-7.13.1/integration/package.json,/npm-package-json/react-router-7.13.1/packages/react-router-dev/package.json",""
"dedent,isbot,semver",2,"/npm-package-json/react-router-7.13.1/integration/package.json,/npm-package-json/react-router-7.13.1/packages/react-router-dev/package.json",""
"@react-router/node,pathe,semver",2,"/npm-package-json/react-router-7.13.1/integration/package.json,/npm-package-json/react-router-7.13.1/packages/react-router-dev/package.json",""
"dedent,pathe,semver",2,"/npm-package-json/react-router-7.13.1/integration/package.json,/npm-package-json/react-router-7.13.1/packages/react-router-dev/package.json",""
"isbot,pathe,semver",2,"/npm-package-json/react-router-7.13.1/integration/package.json,/npm-package-json/react-router-7.13.1/packages/react-router-dev/package.json",""
"@mdx-js/rollup,prettier,semver",2,"/npm-package-json/react-router-7.13.1/integration/package.json,/npm-package-json/react-router-7.13.1/package.json",""
"@playwright/test,prettier,semver",2,"/npm-package-json/react-router-7.13.1/integration/package.json,/npm-package-json/react-router-7.13.1/package.json",""
"@react-router/node,prettier,semver",2,"/npm-package-json/react-router-7.13.1/integration/package.json,/npm-package-json/react-router-7.13.1/packages/react-router-dev/package.json",""
"dedent,prettier,semver",2,"/npm-package-json/react-router-7.13.1/integration/package.json,/npm-package-json/react-router-7.13.1/packages/react-router-dev/package.json",""
"pathe,prettier,semver",2,"/npm-package-json/react-router-7.13.1/integration/package.json,/npm-package-json/react-router-7.13.1/packages/react-router-dev/package.json",""
"execa,semver,strip-ansi",2,"/npm-package-json/react-router-7.13.1/integration/package.json,/npm-package-json/react-router-7.13.1/packages/create-react-router/package.json",""
"@mdx-js/rollup,@playwright/test,typescript",2,"/npm-package-json/react-router-7.13.1/integration/package.json,/npm-package-json/react-router-7.13.1/package.json",""
"@mdx-js/rollup,isbot,typescript",2,"/npm-package-json/react-router-7.13.1/integration/package.json,/npm-package-json/react-router-7.13.1/package.json",""
"@playwright/test,isbot,typescript",2,"/npm-package-json/react-router-7.13.1/integration/package.json,/npm-package-json/react-router-7.13.1/package.json",""
"@mdx-js/rollup,prettier,typescript",2,"/npm-package-json/react-router-7.13.1/integration/package.json,/npm-package-json/react-router-7.13.1/package.json",""
"@playwright/test,prettier,typescript",2,"/npm-package-json/react-router-7.13.1/integration/package.json,/npm-package-json/react-router-7.13.1/package.json",""
"isbot,prettier,typescript",2,"/npm-package-json/react-router-7.13.1/integration/package.json,/npm-package-json/react-router-7.13.1/package.json",""
"@mdx-js/rollup,semver,typescript",2,"/npm-package-json/react-router-7.13.1/integration/package.json,/npm-package-json/react-router-7.13.1/package.json",""
"@playwright/test,semver,typescript",2,"/npm-package-json/react-router-7.13.1/integration/package.json,/npm-package-json/react-router-7.13.1/package.json",""
"isbot,semver,typescript",2,"/npm-package-json/react-router-7.13.1/integration/package.json,/npm-package-json/react-router-7.13.1/package.json",""
"prettier,semver,typescript",2,"/npm-package-json/react-router-7.13.1/integration/package.json,/npm-package-json/react-router-7.13.1/package.json",""
"@mdx-js/rollup,@playwright/test,vite",2,"/npm-package-json/react-router-7.13.1/integration/package.json,/npm-package-json/react-router-7.13.1/package.json",""
"@mdx-js/rollup,isbot,vite",2,"/npm-package-json/react-router-7.13.1/integration/package.json,/npm-package-json/react-router-7.13.1/package.json",""
"@playwright/test,isbot,vite",2,"/npm-package-json/react-router-7.13.1/integration/package.json,/npm-package-json/react-router-7.13.1/package.json",""
"@mdx-js/rollup,prettier,vite",2,"/npm-package-json/react-router-7.13.1/integration/package.json,/npm-package-json/react-router-7.13.1/package.json",""
"@playwright/test,prettier,vite",2,"/npm-package-json/react-router-7.13.1/integration/package.json,/npm-package-json/react-router-7.13.1/package.json",""
"isbot,prettier,vite",2,"/npm-package-json/react-router-7.13.1/integration/package.json,/npm-package-json/react-router-7.13.1/package.json",""
"@mdx-js/rollup,semver,vite",2,"/npm-package-json/react-router-7.13.1/integration/package.json,/npm-package-json/react-router-7.13.1/package.json",""
"@playwright/test,semver,vite",2,"/npm-package-json/react-router-7.13.1/integration/package.json,/npm-package-json/react-router-7.13.1/package.json",""
"isbot,semver,vite",2,"/npm-package-json/react-router-7.13.1/integration/package.json,/npm-package-json/react-router-7.13.1/package.json",""
"prettier,semver,vite",2,"/npm-package-json/react-router-7.13.1/integration/package.json,/npm-package-json/react-router-7.13.1/package.json",""
"@mdx-js/rollup,typescript,vite",2,"/npm-package-json/react-router-7.13.1/integration/package.json,/npm-package-json/react-router-7.13.1/package.json",""
"@playwright/test,typescript,vite",2,"/npm-package-json/react-router-7.13.1/integration/package.json,/npm-package-json/react-router-7.13.1/package.json",""
"isbot,typescript,vite",2,"/npm-package-json/react-router-7.13.1/integration/package.json,/npm-package-json/react-router-7.13.1/package.json",""
"prettier,typescript,vite",2,"/npm-package-json/react-router-7.13.1/integration/package.json,/npm-package-json/react-router-7.13.1/package.json",""
"semver,typescript,vite",2,"/npm-package-json/react-router-7.13.1/integration/package.json,/npm-package-json/react-router-7.13.1/package.json",""
"@babel/core,@babel/preset-typescript",2,"/npm-package-json/react-router-7.13.1/package.json,/npm-package-json/react-router-7.13.1/packages/react-router-dev/package.json",""
"@babel/core,isbot",2,"/npm-package-json/react-router-7.13.1/package.json,/npm-package-json/react-router-7.13.1/packages/react-router-dev/package.json",""
"@babel/preset-typescript,isbot",2,"/npm-package-json/react-router-7.13.1/package.json,/npm-package-json/react-router-7.13.1/packages/react-router-dev/package.json",""
"@babel/core,prettier",2,"/npm-package-json/react-router-7.13.1/package.json,/npm-package-json/react-router-7.13.1/packages/react-router-dev/package.json",""
"@babel/preset-typescript,prettier",2,"/npm-package-json/react-router-7.13.1/package.json,/npm-package-json/react-router-7.13.1/packages/react-router-dev/package.json",""
"@babel/core,semver",2,"/npm-package-json/react-router-7.13.1/package.json,/npm-package-json/react-router-7.13.1/packages/react-router-dev/package.json",""
"@babel/preset-typescript,semver",2,"/npm-package-json/react-router-7.13.1/package.json,/npm-package-json/react-router-7.13.1/packages/react-router-dev/package.json",""
"chalk,semver",2,"/npm-package-json/react-router-7.13.1/package.json,/npm-package-json/react-router-7.13.1/packages/create-react-router/package.json",""
"@babel/core,@babel/preset-typescript,isbot",2,"/npm-package-json/react-router-7.13.1/package.json,/npm-package-json/react-router-7.13.1/packages/react-router-dev/package.json",""
"@babel/core,@babel/preset-typescript,prettier",2,"/npm-package-json/react-router-7.13.1/package.json,/npm-package-json/react-router-7.13.1/packages/react-router-dev/package.json",""
"@babel/core,isbot,prettier",2,"/npm-package-json/react-router-7.13.1/package.json,/npm-package-json/react-router-7.13.1/packages/react-router-dev/package.json",""
"@babel/preset-typescript,isbot,prettier",2,"/npm-package-json/react-router-7.13.1/package.json,/npm-package-json/react-router-7.13.1/packages/react-router-dev/package.json",""
"@babel/core,@babel/preset-typescript,semver",2,"/npm-package-json/react-router-7.13.1/package.json,/npm-package-json/react-router-7.13.1/packages/react-router-dev/package.json",""
"@babel/core,isbot,semver",2,"/npm-package-json/react-router-7.13.1/package.json,/npm-package-json/react-router-7.13.1/packages/react-router-dev/package.json",""
"@babel/preset-typescript,isbot,semver",2,"/npm-package-json/react-router-7.13.1/package.json,/npm-package-json/react-router-7.13.1/packages/react-router-dev/package.json",""
"@babel/core,prettier,semver",2,"/npm-package-json/react-router-7.13.1/package.json,/npm-package-json/react-router-7.13.1/packages/react-router-dev/package.json",""
"@babel/preset-typescript,prettier,semver",2,"/npm-package-json/react-router-7.13.1/package.json,/npm-package-json/react-router-7.13.1/packages/react-router-dev/package.json",""
"arg,semver",2,"/npm-package-json/react-router-7.13.1/packages/create-react-router/package.json,/npm-package-json/react-router-7.13.1/packages/react-router-dev/package.json",""
"compression,isbot",2,"/npm-package-json/react-router-7.13.1/playground/framework-express/package.json,/npm-package-json/react-router-7.13.1/playground/middleware/package.json",""
"isbot,morgan",2,"/npm-package-json/react-router-7.13.1/playground/framework-express/package.json,/npm-package-json/react-router-7.13.1/playground/middleware/package.json",""
"morgan,react",2,"/npm-package-json/react-router-7.13.1/playground/framework-express/package.json,/npm-package-json/react-router-7.13.1/playground/middleware/package.json",""
"morgan,react-dom",2,"/npm-package-json/react-router-7.13.1/playground/framework-express/package.json,/npm-package-json/react-router-7.13.1/playground/middleware/package.json",""
"morgan,react-router",2,"/npm-package-json/react-router-7.13.1/playground/framework-express/package.json,/npm-package-json/react-router-7.13.1/playground/middleware/package.json",""
"@react-router/express,compression,isbot",2,"/npm-package-json/react-router-7.13.1/playground/framework-express/package.json,/npm-package-json/react-router-7.13.1/playground/middleware/package.json",""
"@react-router/node,compression,isbot",2,"/npm-package-json/react-router-7.13.1/playground/framework-express/package.json,/npm-package-json/react-router-7.13.1/playground/middleware/package.json",""
"compression,express,isbot",2,"/npm-package-json/react-router-7.13.1/playground/framework-express/package.json,/npm-package-json/react-router-7.13.1/playground/middleware/package.json",""
"@react-router/express,isbot,morgan",2,"/npm-package-json/react-router-7.13.1/playground/framework-express/package.json,/npm-package-json/react-router-7.13.1/playground/middleware/package.json",""
"@react-router/node,isbot,morgan",2,"/npm-package-json/react-router-7.13.1/playground/framework-express/package.json,/npm-package-json/react-router-7.13.1/playground/middleware/package.json",""
"compression,isbot,morgan",2,"/npm-package-json/react-router-7.13.1/playground/framework-express/package.json,/npm-package-json/react-router-7.13.1/playground/middleware/package.json",""
"express,isbot,morgan",2,"/npm-package-json/react-router-7.13.1/playground/framework-express/package.json,/npm-package-json/react-router-7.13.1/playground/middleware/package.json",""
"@react-router/express,compression,react",2,"/npm-package-json/react-router-7.13.1/playground/framework-express/package.json,/npm-package-json/react-router-7.13.1/playground/middleware/package.json",""
"@react-router/node,compression,react",2,"/npm-package-json/react-router-7.13.1/playground/framework-express/package.json,/npm-package-json/react-router-7.13.1/playground/middleware/package.json",""
"compression,isbot,react",2,"/npm-package-json/react-router-7.13.1/playground/framework-express/package.json,/npm-package-json/react-router-7.13.1/playground/middleware/package.json",""
"@react-router/express,morgan,react",2,"/npm-package-json/react-router-7.13.1/playground/framework-express/package.json,/npm-package-json/react-router-7.13.1/playground/middleware/package.json",""
"@react-router/node,morgan,react",2,"/npm-package-json/react-router-7.13.1/playground/framework-express/package.json,/npm-package-json/react-router-7.13.1/playground/middleware/package.json",""
"compression,morgan,react",2,"/npm-package-json/react-router-7.13.1/playground/framework-express/package.json,/npm-package-json/react-router-7.13.1/playground/middleware/package.json",""
"express,morgan,react",2,"/npm-package-json/react-router-7.13.1/playground/framework-express/package.json,/npm-package-json/react-router-7.13.1/playground/middleware/package.json",""
"isbot,morgan,react",2,"/npm-package-json/react-router-7.13.1/playground/framework-express/package.json,/npm-package-json/react-router-7.13.1/playground/middleware/package.json",""
"@react-router/express,compression,react-dom",2,"/npm-package-json/react-router-7.13.1/playground/framework-express/package.json,/npm-package-json/react-router-7.13.1/playground/middleware/package.json",""
"@react-router/node,compression,react-dom",2,"/npm-package-json/react-router-7.13.1/playground/framework-express/package.json,/npm-package-json/react-router-7.13.1/playground/middleware/package.json",""
"compression,isbot,react-dom",2,"/npm-package-json/react-router-7.13.1/playground/framework-express/package.json,/npm-package-json/react-router-7.13.1/playground/middleware/package.json",""
"@react-router/express,morgan,react-dom",2,"/npm-package-json/react-router-7.13.1/playground/framework-express/package.json,/npm-package-json/react-router-7.13.1/playground/middleware/package.json",""
"@react-router/node,morgan,react-dom",2,"/npm-package-json/react-router-7.13.1/playground/framework-express/package.json,/npm-package-json/react-router-7.13.1/playground/middleware/package.json",""
"compression,morgan,react-dom",2,"/npm-package-json/react-router-7.13.1/playground/framework-express/package.json,/npm-package-json/react-router-7.13.1/playground/middleware/package.json",""
"express,morgan,react-dom",2,"/npm-package-json/react-router-7.13.1/playground/framework-express/package.json,/npm-package-json/react-router-7.13.1/playground/middleware/package.json",""
"isbot,morgan,react-dom",2,"/npm-package-json/react-router-7.13.1/playground/framework-express/package.json,/npm-package-json/react-router-7.13.1/playground/middleware/package.json",""
"morgan,react,react-dom",2,"/npm-package-json/react-router-7.13.1/playground/framework-express/package.json,/npm-package-json/react-router-7.13.1/playground/middleware/package.json",""
"@react-router/express,compression,react-router",2,"/npm-package-json/react-router-7.13.1/playground/framework-express/package.json,/npm-package-json/react-router-7.13.1/playground/middleware/package.json",""
"@react-router/node,compression,react-router",2,"/npm-package-json/react-router-7.13.1/playground/framework-express/package.json,/npm-package-json/react-router-7.13.1/playground/middleware/package.json",""
"compression,isbot,react-router",2,"/npm-package-json/react-router-7.13.1/playground/framework-express/package.json,/npm-package-json/react-router-7.13.1/playground/middleware/package.json",""
"@react-router/express,morgan,react-router",2,"/npm-package-json/react-router-7.13.1/playground/framework-express/package.json,/npm-package-json/react-router-7.13.1/playground/middleware/package.json",""
"@react-router/node,morgan,react-router",2,"/npm-package-json/react-router-7.13.1/playground/framework-express/package.json,/npm-package-json/react-router-7.13.1/playground/middleware/package.json",""
"compression,morgan,react-router",2,"/npm-package-json/react-router-7.13.1/playground/framework-express/package.json,/npm-package-json/react-router-7.13.1/playground/middleware/package.json",""
"express,morgan,react-router",2,"/npm-package-json/react-router-7.13.1/playground/framework-express/package.json,/npm-package-json/react-router-7.13.1/playground/middleware/package.json",""
"isbot,morgan,react-router",2,"/npm-package-json/react-router-7.13.1/playground/framework-express/package.json,/npm-package-json/react-router-7.13.1/playground/middleware/package.json",""
"morgan,react,react-router",2,"/npm-package-json/react-router-7.13.1/playground/framework-express/package.json,/npm-package-json/react-router-7.13.1/playground/middleware/package.json",""
"morgan,react-dom,react-router",2,"/npm-package-json/react-router-7.13.1/playground/framework-express/package.json,/npm-package-json/react-router-7.13.1/playground/middleware/package.json",""
"@react-router/node,cross-env",2,"/npm-package-json/react-router-7.13.1/playground/framework-rolldown-vite/package.json,/npm-package-json/react-router-7.13.1/playground/middleware/package.json",""
"cross-env,isbot",2,"/npm-package-json/react-router-7.13.1/playground/framework-rolldown-vite/package.json,/npm-package-json/react-router-7.13.1/playground/middleware/package.json",""
"@react-router/node,cross-env,isbot",2,"/npm-package-json/react-router-7.13.1/playground/framework-rolldown-vite/package.json,/npm-package-json/react-router-7.13.1/playground/middleware/package.json",""
"@react-router/node,cross-env,react",2,"/npm-package-json/react-router-7.13.1/playground/framework-rolldown-vite/package.json,/npm-package-json/react-router-7.13.1/playground/middleware/package.json",""
"cross-env,isbot,react",2,"/npm-package-json/react-router-7.13.1/playground/framework-rolldown-vite/package.json,/npm-package-json/react-router-7.13.1/playground/middleware/package.json",""
"@react-router/node,cross-env,react-dom",2,"/npm-package-json/react-router-7.13.1/playground/framework-rolldown-vite/package.json,/npm-package-json/react-router-7.13.1/playground/middleware/package.json",""
"cross-env,isbot,react-dom",2,"/npm-package-json/react-router-7.13.1/playground/framework-rolldown-vite/package.json,/npm-package-json/react-router-7.13.1/playground/middleware/package.json",""
"@react-router/node,cross-env,react-router",2,"/npm-package-json/react-router-7.13.1/playground/framework-rolldown-vite/package.json,/npm-package-json/react-router-7.13.1/playground/middleware/package.json",""
"cross-env,isbot,react-router",2,"/npm-package-json/react-router-7.13.1/playground/framework-rolldown-vite/package.json,/npm-package-json/react-router-7.13.1/playground/middleware/package.json",""
